,F,L,S,L,I,P,H,A,I,S,A,I,S,A,I,A,D,H,L
0,0.313338041305542,0.2310008555650711,0.23767878115177155,0.2032082974910736,0.16916656494140625,0.2694494426250458,0.25515544414520264,0.3001078963279724,0.23623725771903992,0.2694202661514282,0.2567051351070404,0.18141750991344452,0.21550196409225464,0.221761092543602,0.18780696392059326,0.21655307710170746,0.2361445128917694,0.18939897418022156,0.1862858533859253
1,0.3101068437099457,0.20647990703582764,0.21342171728610992,0.18488673865795135,0.16580817103385925,0.21281717717647552,0.210423544049263,0.22097454965114594,0.21432431042194366,0.2775900363922119,0.2581927180290222,0.21414798498153687,0.24580781161785126,0.2444491982460022,0.23056408762931824,0.24808809161186218,0.2864919602870941,0.231896311044693,0.18182368576526642
2,0.3388731777667999,0.25614216923713684,0.2613523304462433,0.23123717308044434,0.17657899856567383,0.1836482137441635,0.19845710694789886,0.22288967669010162,0.20521928369998932,0.2904570996761322,0.262037992477417,0.2098465859889984,0.26608535647392273,0.2386103868484497,0.21746206283569336,0.254568487405777,0.30135679244995117,0.20956069231033325,0.1890939176082611
3,0.3023506700992584,0.22390398383140564,0.23589400947093964,0.19306035339832306,0.1688503921031952,0.19015103578567505,0.20058901607990265,0.1902409791946411,0.19583161175251007,0.2611083388328552,0.22596392035484314,0.2056843638420105,0.24957598745822906,0.2273944914340973,0.22070476412773132,0.2357516884803772,0.28159013390541077,0.22256867587566376,0.1718677580356598
4,0.3236367404460907,0.22456766664981842,0.32520946860313416,0.20387259125709534,0.1731385588645935,0.1787533313035965,0.19932511448860168,0.19974924623966217,0.17772909998893738,0.27326083183288574,0.20528072118759155,0.17979370057582855,0.2511044144630432,0.219437837600708,0.20316311717033386,0.23667341470718384,0.3057154715061188,0.19838348031044006,0.14962182939052582
5,0.3604954183101654,0.27181294560432434,0.2715569734573364,0.24133969843387604,0.23240500688552856,0.26888367533683777,0.23751597106456757,0.21736875176429749,0.2556722164154053,0.32518503069877625,0.2390691339969635,0.2565741240978241,0.2771539092063904,0.22984765470027924,0.2696933448314667,0.23169735074043274,0.32022780179977417,0.2196698784828186,0.16609829664230347
6,0.33653634786605835,0.23503969609737396,0.2346496731042862,0.20349663496017456,0.19356337189674377,0.21409893035888672,0.2011372148990631,0.18318143486976624,0.20053908228874207,0.24103057384490967,0.184589222073555,0.19602105021476746,0.22005042433738708,0.196380615234375,0.22402986884117126,0.21158146858215332,0.29302123188972473,0.1909584403038025,0.15568801760673523
7,0.2826381325721741,0.19549059867858887,0.20831143856048584,0.17198407649993896,0.16861063241958618,0.17175137996673584,0.20385125279426575,0.18101780116558075,0.20837238430976868,0.21878519654273987,0.18417903780937195,0.2298101931810379,0.2434837818145752,0.2261219024658203,0.25758621096611023,0.23104217648506165,0.3344917297363281,0.19765107333660126,0.16092565655708313
8,0.29648053646087646,0.21262773871421814,0.26254090666770935,0.19372224807739258,0.14997555315494537,0.1735651195049286,0.1848849058151245,0.19821682572364807,0.17406558990478516,0.23273134231567383,0.19734123349189758,0.1831364929676056,0.2276795208454132,0.21914178133010864,0.2061166912317276,0.2274806648492813,0.3008709251880646,0.1793927550315857,0.14867344498634338
9,0.27984100580215454,0.24349096417427063,0.22773458063602448,0.22405999898910522,0.1476655751466751,0.15190032124519348,0.17700845003128052,0.19822977483272552,0.17395856976509094,0.2284691333770752,0.20857182145118713,0.18077827990055084,0.2308470904827118,0.22414058446884155,0.20387424528598785,0.2400917261838913,0.3144071102142334,0.18331076204776764,0.1764811873435974
10,0.2926996648311615,0.20388630032539368,0.224042609333992,0.18714654445648193,0.16638144850730896,0.17916357517242432,0.2012159377336502,0.21662800014019012,0.20587238669395447,0.22115066647529602,0.20219723880290985,0.2091837376356125,0.22564589977264404,0.2349180281162262,0.23688417673110962,0.24394842982292175,0.29533588886260986,0.19650714099407196,0.1754440814256668
11,0.2905084490776062,0.2136157900094986,0.30851998925209045,0.19819849729537964,0.15642264485359192,0.1845153421163559,0.1932762861251831,0.23380137979984283,0.1827428787946701,0.25795984268188477,0.20897483825683594,0.17016153037548065,0.22632035613059998,0.22118720412254333,0.19417420029640198,0.23765335977077484,0.2643497586250305,0.1824030727148056,0.15592586994171143
12,0.2769535481929779,0.22187992930412292,0.2476101666688919,0.1958758682012558,0.15720078349113464,0.16532467305660248,0.1871090680360794,0.22668665647506714,0.1944379359483719,0.2547227442264557,0.21602821350097656,0.17657703161239624,0.2510797381401062,0.2230522483587265,0.20163244009017944,0.24713847041130066,0.29623943567276,0.1877131462097168,0.1712104082107544
13,0.2670378088951111,0.18193495273590088,0.21005824208259583,0.17489346861839294,0.16492365300655365,0.1812542974948883,0.2054077833890915,0.22491012513637543,0.22091935575008392,0.22974930703639984,0.21599993109703064,0.21347330510616302,0.23862452805042267,0.22525690495967865,0.22465012967586517,0.23522426187992096,0.27939099073410034,0.2040822058916092,0.17025771737098694
14,0.2622458338737488,0.19511881470680237,0.25002461671829224,0.18881547451019287,0.14532890915870667,0.17653214931488037,0.18716752529144287,0.23244306445121765,0.17873653769493103,0.24475835263729095,0.22908475995063782,0.17697206139564514,0.23026463389396667,0.2240224927663803,0.1825302392244339,0.23128391802310944,0.2653675675392151,0.17988167703151703,0.15290965139865875
15,0.23872244358062744,0.17539478838443756,0.1825624704360962,0.16814713180065155,0.1462833434343338,0.16423285007476807,0.18772104382514954,0.2095307558774948,0.19845923781394958,0.21540921926498413,0.2324848771095276,0.21443311870098114,0.2335141897201538,0.23636937141418457,0.213098406791687,0.23882251977920532,0.27124589681625366,0.19652041792869568,0.16910263895988464
16,0.27792805433273315,0.18744179606437683,0.21739588677883148,0.1750202775001526,0.14527899026870728,0.18245133757591248,0.19653429090976715,0.19802066683769226,0.19618742167949677,0.2482387274503708,0.25253838300704956,0.20899802446365356,0.233415424823761,0.22822481393814087,0.1998925358057022,0.22596725821495056,0.2429649829864502,0.1949191689491272,0.1768503189086914
17,0.25220710039138794,0.19264954328536987,0.20547324419021606,0.18058708310127258,0.15060937404632568,0.17509722709655762,0.1807858645915985,0.21615198254585266,0.17698296904563904,0.22179876267910004,0.22384050488471985,0.1687232255935669,0.20105671882629395,0.22689247131347656,0.1868014931678772,0.24036617577075958,0.23668578267097473,0.17121121287345886,0.1540268361568451
18,0.2392348051071167,0.16935205459594727,0.19532132148742676,0.15028944611549377,0.12494920194149017,0.13821819424629211,0.1731734275817871,0.17891886830329895,0.1606532484292984,0.2003026157617569,0.19618985056877136,0.15326516330242157,0.2044173628091812,0.22895678877830505,0.18892329931259155,0.2384800910949707,0.241985484957695,0.17912448942661285,0.13765579462051392
sum,5.541834354400635,4.041830539703369,4.5193586349487305,3.6698415279388428,3.1031415462493896,3.5618081092834473,3.7807390689849854,4.049068450927734,3.756941318511963,4.712128162384033,4.199269771575928,3.7289979457855225,4.4716291427612305,4.296165943145752,4.049588680267334,4.472412586212158,5.36788272857666,3.715153455734253,3.1499428749084473
posi,1.0,2.0,3.0,4.0,5.0,6.0,7.0,8.0,9.0,10.0,11.0,12.0,13.0,14.0,15.0,16.0,17.0,18.0,19.0
contrib,0.0708785638256199,0.05169392038093288,0.0578013756769394,0.04693628144287176,0.039688341816120194,0.04555456321208669,0.048354631025064106,0.05178649130959533,0.04805026422736852,0.0602668458408226,0.053707525611856925,0.04769287604132118,0.057190928369778404,0.05494680146203033,0.05179314490226749,0.05720094839980624,0.06865376953819331,0.04751580875475516,0.04028691816256958
