,H,A,D,G,M,F,N,K,A,Y,R,K,A,L,G,Q,L,S,A,R,K,Y,L,H,T,L,M,A,K,R,V,G,G,G,S,M,I,E,D,D,N,E,P,L,S
0,0.16295716166496277,0.16199085116386414,0.1984291970729828,0.24969978630542755,0.45163944363594055,0.3017563819885254,0.2068977952003479,0.171311616897583,0.2123560905456543,0.2070918083190918,0.21398772299289703,0.1600469946861267,0.18147987127304077,0.17750297486782074,0.2732394337654114,0.15861628949642181,0.17445926368236542,0.19027914106845856,0.16695018112659454,0.176469087600708,0.15468034148216248,0.1841270625591278,0.18375715613365173,0.18245364725589752,0.17748039960861206,0.17007550597190857,0.3147541880607605,0.1637720912694931,0.15501078963279724,0.18172726035118103,0.1458171010017395,0.15477220714092255,0.14788399636745453,0.14703911542892456,0.1556738168001175,0.22383995354175568,0.112892284989357,0.15145562589168549,0.15846797823905945,0.1731719821691513,0.1422235071659088,0.17839033901691437,0.1710720658302307,0.12946979701519012,0.14133262634277344
1,0.16267168521881104,0.12455277144908905,0.18015262484550476,0.21507975459098816,0.41077864170074463,0.24469752609729767,0.19074833393096924,0.1627080887556076,0.18179437518119812,0.20154383778572083,0.19644883275032043,0.20818060636520386,0.19378745555877686,0.19178932905197144,0.36797380447387695,0.19215817749500275,0.16832183301448822,0.19122610986232758,0.15895000100135803,0.16063687205314636,0.18074378371238708,0.1821385771036148,0.1745143085718155,0.18870358169078827,0.1619240641593933,0.1996513307094574,0.3880727291107178,0.14633072912693024,0.18857799470424652,0.17496353387832642,0.17150726914405823,0.15235531330108643,0.14509063959121704,0.13650354743003845,0.1435442715883255,0.2383352816104889,0.11657264828681946,0.1770281046628952,0.14099545776844025,0.14523711800575256,0.13478754460811615,0.1892978847026825,0.12678250670433044,0.13822577893733978,0.1502104550600052
2,0.1834711730480194,0.14398197829723358,0.1928381621837616,0.23521040380001068,0.3663020431995392,0.26660653948783875,0.23418614268302917,0.1602781116962433,0.19228479266166687,0.22205066680908203,0.23938770592212677,0.18890638649463654,0.18696197867393494,0.1934572458267212,0.2566801607608795,0.16588419675827026,0.17715242505073547,0.18589095771312714,0.15488260984420776,0.18114396929740906,0.15667541325092316,0.18687796592712402,0.19901734590530396,0.22202400863170624,0.20392338931560516,0.21184080839157104,0.40748849511146545,0.1564207673072815,0.1681727021932602,0.1662951111793518,0.14059270918369293,0.1469285488128662,0.14273987710475922,0.14147695899009705,0.15512163937091827,0.24900966882705688,0.10888268798589706,0.1487019956111908,0.1278076320886612,0.13612699508666992,0.1530039757490158,0.1823098063468933,0.1840430051088333,0.14070691168308258,0.15065833926200867
3,0.1948171854019165,0.14412671327590942,0.19469739496707916,0.2112835943698883,0.3957318365573883,0.2697288393974304,0.17071197926998138,0.16084732115268707,0.1650521159172058,0.1712106466293335,0.171868234872818,0.16970017552375793,0.160072460770607,0.1602918803691864,0.3046340048313141,0.14664246141910553,0.1575196385383606,0.1744568645954132,0.136302188038826,0.1522899568080902,0.15656882524490356,0.1539549082517624,0.1660066395998001,0.20192568004131317,0.17400780320167542,0.1957014799118042,0.37646204233169556,0.16920697689056396,0.1911410242319107,0.1833520531654358,0.16173657774925232,0.18725593388080597,0.18714174628257751,0.18550103902816772,0.1586550623178482,0.28113654255867004,0.13163858652114868,0.1651543825864792,0.1606445461511612,0.16859672963619232,0.14230936765670776,0.18189552426338196,0.1508137285709381,0.1367606520652771,0.15404227375984192
4,0.21524891257286072,0.16342557966709137,0.2032247930765152,0.19457422196865082,0.17246568202972412,0.18198001384735107,0.19078609347343445,0.15922634303569794,0.14732131361961365,0.18122904002666473,0.1759924441576004,0.15810361504554749,0.15792137384414673,0.21133677661418915,0.2083309441804886,0.18429672718048096,0.18611778318881989,0.15525543689727783,0.14793279767036438,0.17418032884597778,0.1482144147157669,0.15196707844734192,0.17615561187267303,0.16832520067691803,0.16906623542308807,0.20248666405677795,0.17061962187290192,0.15561151504516602,0.1589285433292389,0.1750924289226532,0.16543708741664886,0.1775791347026825,0.17540621757507324,0.1765729933977127,0.16993851959705353,0.18342110514640808,0.18483874201774597,0.18037809431552887,0.1807880997657776,0.17982208728790283,0.17739365994930267,0.19966614246368408,0.180286705493927,0.23318219184875488,0.1936342716217041
5,0.210084468126297,0.14746934175491333,0.21868756413459778,0.23440547287464142,0.35370516777038574,0.17380452156066895,0.13804464042186737,0.15290433168411255,0.1476544588804245,0.14581552147865295,0.13334496319293976,0.13294969499111176,0.13777722418308258,0.1623430997133255,0.2861102819442749,0.16572383046150208,0.15647155046463013,0.19658640027046204,0.13575613498687744,0.1119505763053894,0.11201287060976028,0.12239815294742584,0.14563141763210297,0.15493664145469666,0.16484861075878143,0.18689221143722534,0.3173849284648895,0.1599673330783844,0.14638470113277435,0.14493179321289062,0.14732733368873596,0.22438456118106842,0.23259906470775604,0.2350004017353058,0.22906383872032166,0.2592160105705261,0.14794261753559113,0.17757096886634827,0.22293461859226227,0.2399113029241562,0.1653648167848587,0.21208129823207855,0.1788884550333023,0.17690351605415344,0.22084350883960724
6,0.21913646161556244,0.15950559079647064,0.22104007005691528,0.21298199892044067,0.20923326909542084,0.16355575621128082,0.1370925009250641,0.12415625154972076,0.1395668238401413,0.13732032477855682,0.1457648128271103,0.12818646430969238,0.14851579070091248,0.17462113499641418,0.2811791002750397,0.1761516034603119,0.16744017601013184,0.19036714732646942,0.13531431555747986,0.12985676527023315,0.11117660999298096,0.136912539601326,0.15940749645233154,0.18153424561023712,0.18761581182479858,0.19563034176826477,0.27061185240745544,0.1719330996274948,0.15559333562850952,0.17543168365955353,0.17117218673229218,0.22232213616371155,0.22767335176467896,0.22502632439136505,0.23251475393772125,0.1995273381471634,0.13089145720005035,0.18579518795013428,0.22281713783740997,0.2375383824110031,0.1702914834022522,0.21517115831375122,0.18915562331676483,0.17196056246757507,0.21171629428863525
7,0.2048565000295639,0.1465344876050949,0.2797887623310089,0.23490269482135773,0.3004884421825409,0.18511050939559937,0.16642645001411438,0.11868349462747574,0.1423395872116089,0.14612549543380737,0.14451755583286285,0.15090353786945343,0.16933298110961914,0.18458780646324158,0.4342363476753235,0.2135532647371292,0.16455933451652527,0.2090960294008255,0.13307639956474304,0.12643596529960632,0.11858729273080826,0.1469293087720871,0.15972113609313965,0.18316598236560822,0.1805696338415146,0.1799466758966446,0.35296180844306946,0.14534935355186462,0.14121942222118378,0.1492004692554474,0.14616604149341583,0.21437899768352509,0.20937706530094147,0.1983901560306549,0.17876505851745605,0.24366717040538788,0.11803458631038666,0.19510383903980255,0.19031575322151184,0.19383391737937927,0.14602117240428925,0.20135830342769623,0.13408058881759644,0.13347561657428741,0.1795039027929306
8,0.1835450679063797,0.11888550221920013,0.19776564836502075,0.19426773488521576,0.3251040577888489,0.17550452053546906,0.15994243323802948,0.1334279179573059,0.1387026458978653,0.16366857290267944,0.1577671319246292,0.17400974035263062,0.17035824060440063,0.1895797699689865,0.40168529748916626,0.2560330927371979,0.16367891430854797,0.18172717094421387,0.141978457570076,0.14079925417900085,0.14921118319034576,0.1607985496520996,0.1621159166097641,0.1783151775598526,0.17016646265983582,0.2003258764743805,0.3775889575481415,0.15069575607776642,0.16101694107055664,0.1563783884048462,0.16906705498695374,0.18607597053050995,0.1833619773387909,0.1702970564365387,0.1840967983007431,0.2767438590526581,0.13368074595928192,0.21349623799324036,0.18076659739017487,0.17817145586013794,0.14114077389240265,0.20199868083000183,0.12255211919546127,0.14709419012069702,0.17838190495967865
9,0.20517994463443756,0.16019722819328308,0.2537933886051178,0.2708832919597626,0.4599837064743042,0.169499009847641,0.14077171683311462,0.13033390045166016,0.15412017703056335,0.15844681859016418,0.1693306863307953,0.17011786997318268,0.15805667638778687,0.17399342358112335,0.4752964675426483,0.21875622868537903,0.16319580376148224,0.18279246985912323,0.12426267564296722,0.11520551890134811,0.12497438490390778,0.13518929481506348,0.15123209357261658,0.15433622896671295,0.130475714802742,0.16967914998531342,0.35218384861946106,0.12835510075092316,0.1545921117067337,0.16562163829803467,0.1600247174501419,0.19150911271572113,0.19419434666633606,0.19967569410800934,0.20253343880176544,0.3499738276004791,0.13414788246154785,0.17601613700389862,0.1707647740840912,0.1747395396232605,0.13534702360630035,0.18509414792060852,0.13310113549232483,0.1489676684141159,0.1565130650997162
10,0.17558521032333374,0.17031852900981903,0.15700222551822662,0.246751606464386,0.5215710401535034,0.1432151198387146,0.12283197045326233,0.1288350373506546,0.15480849146842957,0.13194012641906738,0.14923496544361115,0.15417787432670593,0.16822730004787445,0.16741451621055603,0.4005309045314789,0.15471774339675903,0.14711783826351166,0.192787766456604,0.15174676477909088,0.1401432454586029,0.14513003826141357,0.15275833010673523,0.16156980395317078,0.15803134441375732,0.1418672651052475,0.16751234233379364,0.32578036189079285,0.15629874169826508,0.14934371411800385,0.16909995675086975,0.16459262371063232,0.20349706709384918,0.21110612154006958,0.2118656039237976,0.2164996713399887,0.2738588750362396,0.12911798059940338,0.1920025795698166,0.16551458835601807,0.1717817187309265,0.15405429899692535,0.2102205902338028,0.14876994490623474,0.16811612248420715,0.18771640956401825
11,0.18010005354881287,0.16852115094661713,0.2145959883928299,0.24598056077957153,0.39572566747665405,0.20238067209720612,0.17046105861663818,0.13707496225833893,0.16784581542015076,0.13520240783691406,0.1408882737159729,0.15015845000743866,0.17605920135974884,0.18345996737480164,0.42132821679115295,0.19009992480278015,0.16926386952400208,0.23810994625091553,0.14903971552848816,0.12407314032316208,0.128885418176651,0.13849113881587982,0.1555657684803009,0.17309030890464783,0.18105818331241608,0.18550385534763336,0.3540589213371277,0.1624419391155243,0.15101318061351776,0.13932757079601288,0.1453235149383545,0.21657368540763855,0.2076377272605896,0.19175533950328827,0.1904502809047699,0.24408584833145142,0.11266212910413742,0.17212557792663574,0.171119824051857,0.17550905048847198,0.15009695291519165,0.17684096097946167,0.13477325439453125,0.1472480744123459,0.1703275591135025
12,0.1589418351650238,0.12386912852525711,0.17127494513988495,0.2124464511871338,0.42961886525154114,0.20473702251911163,0.183461993932724,0.15293222665786743,0.16070260107517242,0.14217500388622284,0.14420905709266663,0.1718711405992508,0.16968205571174622,0.17712268233299255,0.3721925914287567,0.20655831694602966,0.16385430097579956,0.20098650455474854,0.1571047008037567,0.13005219399929047,0.15592142939567566,0.15025824308395386,0.15228146314620972,0.1730068176984787,0.17893964052200317,0.19372031092643738,0.36524856090545654,0.16303475201129913,0.16461803019046783,0.1419539600610733,0.1571246236562729,0.2042282670736313,0.19522573053836823,0.17751911282539368,0.18610891699790955,0.25234460830688477,0.1234600767493248,0.18908074498176575,0.17115864157676697,0.17559662461280823,0.15694721043109894,0.1851327270269394,0.12591895461082458,0.1421542763710022,0.18407095968723297
13,0.16815505921840668,0.14325396716594696,0.19003918766975403,0.21881292760372162,0.32783079147338867,0.16552689671516418,0.1785600483417511,0.1620701253414154,0.167183980345726,0.15341347455978394,0.1593732088804245,0.19130253791809082,0.17431189119815826,0.16826707124710083,0.3316937983036041,0.19399189949035645,0.15739813446998596,0.2042740285396576,0.17045681178569794,0.15118417143821716,0.1771121472120285,0.1627040058374405,0.157132089138031,0.20440852642059326,0.18359732627868652,0.17541803419589996,0.3343523144721985,0.169251948595047,0.17009040713310242,0.13952285051345825,0.1365187019109726,0.20212210714817047,0.20457881689071655,0.19685320556163788,0.16491428017616272,0.21842923760414124,0.12222909927368164,0.19139476120471954,0.17526847124099731,0.18165189027786255,0.17832443118095398,0.2020772248506546,0.14901311695575714,0.12591469287872314,0.1888536661863327
14,0.14751577377319336,0.12916891276836395,0.15610137581825256,0.20440852642059326,0.3789435625076294,0.2466278374195099,0.17519748210906982,0.13684068620204926,0.1812966763973236,0.13805219531059265,0.14528146386146545,0.1456383764743805,0.16676558554172516,0.16255013644695282,0.3215942680835724,0.15642514824867249,0.14825791120529175,0.16435237228870392,0.1535974144935608,0.12733209133148193,0.14798006415367126,0.14968594908714294,0.1641368716955185,0.20812606811523438,0.20313583314418793,0.19515596330165863,0.484216570854187,0.19376914203166962,0.1666673868894577,0.14476163685321808,0.1531832218170166,0.23676177859306335,0.23486968874931335,0.22403167188167572,0.17525140941143036,0.27390530705451965,0.12311427295207977,0.1883074939250946,0.16262401640415192,0.1687438040971756,0.15511342883110046,0.18620052933692932,0.1199154481291771,0.11710619181394577,0.15233707427978516
15,0.1889359951019287,0.13731098175048828,0.20968841016292572,0.2876688539981842,0.41141778230667114,0.16176456212997437,0.15866719186306,0.14582645893096924,0.16135282814502716,0.15412873029708862,0.17124786972999573,0.1760692596435547,0.173458069562912,0.16287532448768616,0.4057018756866455,0.1955413967370987,0.14468109607696533,0.17320944368839264,0.1426163613796234,0.11324697732925415,0.139899343252182,0.14290685951709747,0.14505700767040253,0.2003796249628067,0.1665496826171875,0.16644838452339172,0.4068697392940521,0.15481743216514587,0.15506921708583832,0.13224196434020996,0.12041217088699341,0.21784546971321106,0.2180415242910385,0.2169308215379715,0.18078424036502838,0.24757882952690125,0.10258232802152634,0.1791202276945114,0.17122682929039001,0.19308800995349884,0.18325693905353546,0.23266108334064484,0.13926710188388824,0.12321372330188751,0.1796603947877884
16,0.16504335403442383,0.13646210730075836,0.16861051321029663,0.17102394998073578,0.2838362753391266,0.13962383568286896,0.14982645213603973,0.15481865406036377,0.1601841300725937,0.16832047700881958,0.1640041619539261,0.1965435892343521,0.18644236028194427,0.1718999296426773,0.29985615611076355,0.20150867104530334,0.15607242286205292,0.16430582106113434,0.15861481428146362,0.1508229523897171,0.17015106976032257,0.17037604749202728,0.16454677283763885,0.20632830262184143,0.17317640781402588,0.1833656281232834,0.37001803517341614,0.1717321127653122,0.1690683811903,0.14336293935775757,0.1405448019504547,0.17969584465026855,0.18421876430511475,0.18306195735931396,0.16444723308086395,0.23360304534435272,0.11921971291303635,0.21640969812870026,0.1864195615053177,0.1941062957048416,0.20921948552131653,0.24850966036319733,0.15263548493385315,0.14776039123535156,0.20424886047840118
17,0.17496812343597412,0.14432473480701447,0.16775475442409515,0.1611362248659134,0.32670119404792786,0.1565122902393341,0.13729441165924072,0.15285184979438782,0.1703728884458542,0.15056124329566956,0.15292011201381683,0.1629502773284912,0.18283352255821228,0.19165463745594025,0.3119274079799652,0.20439589023590088,0.17048296332359314,0.15955987572669983,0.13671164214611053,0.11003292351961136,0.12228461354970932,0.12433706969022751,0.16302531957626343,0.16752438247203827,0.16784429550170898,0.20628395676612854,0.3854653835296631,0.17716743052005768,0.14954625070095062,0.14630791544914246,0.1551387459039688,0.19115450978279114,0.19294075667858124,0.1881406009197235,0.18758971989154816,0.2566109895706177,0.10445768386125565,0.18981458246707916,0.1941414177417755,0.2131684273481369,0.18802180886268616,0.2473684698343277,0.12618252635002136,0.1794489473104477,0.2104712575674057
18,0.1723189800977707,0.12659725546836853,0.1617407351732254,0.16554459929466248,0.27896764874458313,0.16533306241035461,0.15898817777633667,0.17166385054588318,0.16006742417812347,0.15411388874053955,0.14589275419712067,0.18510685861110687,0.18328489363193512,0.1833944320678711,0.3465260863304138,0.2279300093650818,0.1573420912027359,0.1589290201663971,0.1416701376438141,0.12164156883955002,0.14848919212818146,0.14395318925380707,0.15096141397953033,0.1663987934589386,0.17500965297222137,0.19664143025875092,0.3432626724243164,0.16461220383644104,0.17274296283721924,0.14744426310062408,0.16098037362098694,0.20261657238006592,0.191257506608963,0.17450673878192902,0.16990308463573456,0.20917829871177673,0.1205705776810646,0.20381620526313782,0.18851834535598755,0.19896508753299713,0.18742802739143372,0.23539695143699646,0.12481701374053955,0.16575196385383606,0.21383024752140045
19,0.1755983829498291,0.17530226707458496,0.15929058194160461,0.23498661816120148,0.3348066210746765,0.14128895103931427,0.12123630940914154,0.16419199109077454,0.17721889913082123,0.14258314669132233,0.1334579885005951,0.17250171303749084,0.1877071112394333,0.15495078265666962,0.3779343366622925,0.15327388048171997,0.13341522216796875,0.16339010000228882,0.1417655199766159,0.1178114041686058,0.13855041563510895,0.1424369066953659,0.14337225258350372,0.1562524288892746,0.14778846502304077,0.15162892639636993,0.288703054189682,0.15719209611415863,0.15187402069568634,0.15408502519130707,0.15525789558887482,0.24455265700817108,0.2445177286863327,0.22919002175331116,0.18648883700370789,0.21630173921585083,0.10836318880319595,0.1916293203830719,0.1779150664806366,0.20689134299755096,0.18426868319511414,0.27014264464378357,0.13756594061851501,0.15752911567687988,0.21852076053619385
20,0.19038724899291992,0.18061792850494385,0.22217273712158203,0.23969221115112305,0.2751643657684326,0.19488805532455444,0.14699354767799377,0.15453799068927765,0.17486974596977234,0.1410714089870453,0.1311722844839096,0.16453827917575836,0.1848951280117035,0.169796422123909,0.36239975690841675,0.17786221206188202,0.14503176510334015,0.19406385719776154,0.1372605562210083,0.10242687165737152,0.12496176362037659,0.12820808589458466,0.13816599547863007,0.1542728692293167,0.18156667053699493,0.17559321224689484,0.3119974434375763,0.16453328728675842,0.16875170171260834,0.14278873801231384,0.15173545479774475,0.24069954454898834,0.22026100754737854,0.1975356489419937,0.18204037845134735,0.20762771368026733,0.10856826603412628,0.19129441678524017,0.184608593583107,0.19863997399806976,0.15379758179187775,0.22045382857322693,0.1269703060388565,0.15040890872478485,0.21082712709903717
21,0.2000475376844406,0.19467629492282867,0.22261467576026917,0.27201953530311584,0.3890625834465027,0.17011316120624542,0.1206418052315712,0.1533343493938446,0.17029964923858643,0.1500396877527237,0.1355799436569214,0.17164957523345947,0.16455146670341492,0.15705129504203796,0.36091503500938416,0.17551200091838837,0.142814502120018,0.1654781550168991,0.12038956582546234,0.08613825589418411,0.11582709848880768,0.11803705245256424,0.12799501419067383,0.1425154060125351,0.13772599399089813,0.15983812510967255,0.3108888566493988,0.13762331008911133,0.17149990797042847,0.15675240755081177,0.15965700149536133,0.22561421990394592,0.2200964391231537,0.21664036810398102,0.21308964490890503,0.29509544372558594,0.12857279181480408,0.19416600465774536,0.1944851279258728,0.20722655951976776,0.15528054535388947,0.23288291692733765,0.1362241804599762,0.16694270074367523,0.20534314215183258
22,0.19603674113750458,0.17389148473739624,0.17216718196868896,0.18383574485778809,0.2767353653907776,0.13725546002388,0.11605896055698395,0.16089306771755219,0.15673884749412537,0.15044189989566803,0.13854387402534485,0.17967011034488678,0.16949455440044403,0.1568085253238678,0.2661644518375397,0.16236844658851624,0.1308446228504181,0.16521094739437103,0.1396443396806717,0.131234273314476,0.15596537292003632,0.14429964125156403,0.13681401312351227,0.16935501992702484,0.15734370052814484,0.17760342359542847,0.29849064350128174,0.17869919538497925,0.18603572249412537,0.1512070894241333,0.14691339433193207,0.1894533336162567,0.202021062374115,0.2030371129512787,0.19090993702411652,0.2374827265739441,0.13135015964508057,0.22881834208965302,0.2047119438648224,0.21660654246807098,0.19283965229988098,0.2653542757034302,0.15992027521133423,0.18235020339488983,0.233999565243721
23,0.18479664623737335,0.20931604504585266,0.18658269941806793,0.20501650869846344,0.3867652416229248,0.1900937259197235,0.11686620861291885,0.13830234110355377,0.17896170914173126,0.15197323262691498,0.12677867710590363,0.12665188312530518,0.15771207213401794,0.17272520065307617,0.21809077262878418,0.14084066450595856,0.14698143303394318,0.17432133853435516,0.13020476698875427,0.1058536171913147,0.11271428316831589,0.13925188779830933,0.14476278424263,0.14818218350410461,0.16201940178871155,0.1746709644794464,0.3050786554813385,0.20341329276561737,0.15234020352363586,0.1543738692998886,0.15919709205627441,0.17828881740570068,0.19122645258903503,0.19964087009429932,0.2209932506084442,0.25144022703170776,0.13908489048480988,0.1964195817708969,0.23144540190696716,0.25853997468948364,0.1760815531015396,0.2392764836549759,0.1702277511358261,0.1882975995540619,0.22558335959911346
24,0.18772761523723602,0.17075569927692413,0.20033806562423706,0.2039669305086136,0.34327906370162964,0.17965145409107208,0.14401423931121826,0.16307713091373444,0.173729807138443,0.14882729947566986,0.13687020540237427,0.14403408765792847,0.15332123637199402,0.15830031037330627,0.23954588174819946,0.13973718881607056,0.15373104810714722,0.19977352023124695,0.14085233211517334,0.12209440022706985,0.1283048540353775,0.12493900954723358,0.13664314150810242,0.17321226000785828,0.16510361433029175,0.19558830559253693,0.36489784717559814,0.18610626459121704,0.1724332571029663,0.1520126312971115,0.15700489282608032,0.17210237681865692,0.17950153350830078,0.17811335623264313,0.1977348029613495,0.23527485132217407,0.12128189206123352,0.19181209802627563,0.22235561907291412,0.25999802350997925,0.22755752503871918,0.23140178620815277,0.16700772941112518,0.18019309639930725,0.2170507311820984
25,0.1767159104347229,0.1697077453136444,0.18651843070983887,0.19359613955020905,0.29347002506256104,0.13483251631259918,0.11737741529941559,0.15676367282867432,0.1643919199705124,0.15510013699531555,0.14044089615345,0.17068305611610413,0.16220104694366455,0.1610390692949295,0.30687254667282104,0.16219782829284668,0.14449496567249298,0.18376515805721283,0.14620110392570496,0.16020731627941132,0.16588003933429718,0.15344108641147614,0.1389920860528946,0.16684280335903168,0.14378811419010162,0.17411720752716064,0.30809369683265686,0.19410507380962372,0.18098334968090057,0.14496305584907532,0.14297713339328766,0.1779087483882904,0.19715815782546997,0.2030814290046692,0.1735040545463562,0.21209876239299774,0.12403751909732819,0.1966003179550171,0.22119750082492828,0.24942198395729065,0.20672306418418884,0.24194614589214325,0.15701308846473694,0.17200952768325806,0.23414795100688934
26,0.16460876166820526,0.19050301611423492,0.18544045090675354,0.16933804750442505,0.1572960466146469,0.14076687395572662,0.14300550520420074,0.1453651487827301,0.16741719841957092,0.15450090169906616,0.15948046743869781,0.14280100166797638,0.17180609703063965,0.2118113487958908,0.20735405385494232,0.17609275877475739,0.18672232329845428,0.14729328453540802,0.16581366956233978,0.15976989269256592,0.15691399574279785,0.14655375480651855,0.16201108694076538,0.12808479368686676,0.16952480375766754,0.2009854018688202,0.21070149540901184,0.2081991583108902,0.18448114395141602,0.18097442388534546,0.16544239223003387,0.19602622091770172,0.19976840913295746,0.2065100520849228,0.1841011643409729,0.1864636242389679,0.1635800451040268,0.1847553253173828,0.19771695137023926,0.20148131251335144,0.17750927805900574,0.18388330936431885,0.15431466698646545,0.22734664380550385,0.21557074785232544
27,0.14244695007801056,0.13840660452842712,0.18048585951328278,0.19978591799736023,0.4362334907054901,0.17614828050136566,0.11809246242046356,0.1223616898059845,0.15263304114341736,0.13311560451984406,0.12046895176172256,0.15421412885189056,0.16819019615650177,0.1732463836669922,0.409284770488739,0.20304186642169952,0.1576041877269745,0.17506174743175507,0.14108793437480927,0.12277629226446152,0.1365147978067398,0.12881428003311157,0.13560691475868225,0.13386796414852142,0.15124382078647614,0.19572047889232635,0.3909400403499603,0.17382000386714935,0.1696273535490036,0.1370839625597,0.1669897884130478,0.1808444857597351,0.17342926561832428,0.16878892481327057,0.19517575204372406,0.271005779504776,0.11945360153913498,0.2118206024169922,0.20338936150074005,0.2114020138978958,0.17404310405254364,0.2134152203798294,0.12168474495410919,0.17725957930088043,0.2382821887731552
28,0.152640700340271,0.18535251915454865,0.22612068057060242,0.22288727760314941,0.4341786801815033,0.18490909039974213,0.11854053288698196,0.10659976303577423,0.1536967009305954,0.12151394039392471,0.1134864091873169,0.13750071823596954,0.17558184266090393,0.16808786988258362,0.44916200637817383,0.18061569333076477,0.15686507523059845,0.22381339967250824,0.13697749376296997,0.10212747007608414,0.11280380189418793,0.11738124489784241,0.13424700498580933,0.13469183444976807,0.1576237678527832,0.17712721228599548,0.36712509393692017,0.16630469262599945,0.15057730674743652,0.12711159884929657,0.15222544968128204,0.19163478910923004,0.17903681099414825,0.17419563233852386,0.2023862898349762,0.26457834243774414,0.11185625940561295,0.19805774092674255,0.22333325445652008,0.23750947415828705,0.17622968554496765,0.2075028121471405,0.1314091831445694,0.160263791680336,0.24156077206134796
29,0.13315989077091217,0.16017210483551025,0.17570388317108154,0.2074020802974701,0.6398892402648926,0.1335541307926178,0.08806578814983368,0.10341279208660126,0.13764643669128418,0.10456772148609161,0.09596996754407883,0.13247790932655334,0.1693904995918274,0.14682599902153015,0.4385219216346741,0.141854390501976,0.13263487815856934,0.1847931444644928,0.1356963813304901,0.10977330803871155,0.11261196434497833,0.11465173214673996,0.12708207964897156,0.12637995183467865,0.1317661553621292,0.15248213708400726,0.33692479133605957,0.16167327761650085,0.13901445269584656,0.13378456234931946,0.15347076952457428,0.1903047412633896,0.18688592314720154,0.18814441561698914,0.22002236545085907,0.279338538646698,0.12336095422506332,0.21414171159267426,0.2325430065393448,0.2572454810142517,0.2116316705942154,0.26888585090637207,0.14193716645240784,0.18371959030628204,0.27448880672454834
30,0.13017728924751282,0.1668798327445984,0.18528617918491364,0.17694811522960663,0.6219959259033203,0.14671775698661804,0.08936237543821335,0.1062600240111351,0.14983078837394714,0.11793655902147293,0.10002275556325912,0.11415168642997742,0.16966772079467773,0.16531682014465332,0.35780149698257446,0.14048023521900177,0.16144311428070068,0.19671297073364258,0.14165444672107697,0.10594442486763,0.10037458688020706,0.10923313349485397,0.13274508714675903,0.12957362830638885,0.1715756058692932,0.1765802502632141,0.33346638083457947,0.1937369406223297,0.13639387488365173,0.12849339842796326,0.14867444336414337,0.17516647279262543,0.1798572987318039,0.1809047907590866,0.1895149201154709,0.23750633001327515,0.12225139886140823,0.19316639006137848,0.2535235285758972,0.2877596616744995,0.19174198806285858,0.23518812656402588,0.15402211248874664,0.18676041066646576,0.2725997567176819
31,0.14886653423309326,0.13757212460041046,0.18679024279117584,0.175424262881279,0.4759036600589752,0.1961219757795334,0.12417860329151154,0.11679115146398544,0.15894268453121185,0.11633211374282837,0.1075640320777893,0.12860140204429626,0.17998692393302917,0.16919897496700287,0.40594831109046936,0.1549605131149292,0.14681807160377502,0.16743281483650208,0.1383071392774582,0.10759042203426361,0.11095952242612839,0.11935579031705856,0.14198774099349976,0.1596689671278,0.18721739947795868,0.18971571326255798,0.4129194915294647,0.18652135133743286,0.1428879350423813,0.12593692541122437,0.1473984271287918,0.18723037838935852,0.1829705834388733,0.1717516928911209,0.16010433435440063,0.24178996682167053,0.11184009909629822,0.20014281570911407,0.23998764157295227,0.2569024860858917,0.2024136334657669,0.23297113180160522,0.1315189152956009,0.17172306776046753,0.2213200330734253
32,0.14289328455924988,0.14237141609191895,0.18268388509750366,0.18526363372802734,0.4499191641807556,0.20436327159404755,0.1300727277994156,0.12057430297136307,0.17192894220352173,0.12794549763202667,0.11610939353704453,0.13573512434959412,0.18988394737243652,0.17998920381069183,0.40425699949264526,0.1544795036315918,0.14976203441619873,0.16767007112503052,0.14220194518566132,0.11744921654462814,0.11819957941770554,0.12826009094715118,0.14852377772331238,0.1673727184534073,0.18680423498153687,0.19515129923820496,0.4259463846683502,0.18602719902992249,0.14503443241119385,0.1306494176387787,0.15225380659103394,0.1784420609474182,0.1744508594274521,0.16359303891658783,0.15214908123016357,0.2487785667181015,0.109064020216465,0.20367901027202606,0.21785004436969757,0.22966012358665466,0.18333864212036133,0.2278013378381729,0.12675297260284424,0.16946159303188324,0.2055043876171112
33,0.13934387266635895,0.14752355217933655,0.17476803064346313,0.19227367639541626,0.4662047028541565,0.2071281522512436,0.13130849599838257,0.12178444862365723,0.17794930934906006,0.13524290919303894,0.1234530657529831,0.1422722041606903,0.19233450293540955,0.1873985081911087,0.3815576732158661,0.1525009423494339,0.15251553058624268,0.16666702926158905,0.1418481320142746,0.12278401106595993,0.12319827079772949,0.13172626495361328,0.15141308307647705,0.1696431189775467,0.17930489778518677,0.20402880012989044,0.43998754024505615,0.18748652935028076,0.1512111872434616,0.13766933977603912,0.15679408609867096,0.16831320524215698,0.16444526612758636,0.15583641827106476,0.150544211268425,0.2723574936389923,0.11001712083816528,0.204806387424469,0.2015446424484253,0.20887206494808197,0.17005613446235657,0.22074167430400848,0.12122954428195953,0.1695665568113327,0.1980499029159546
34,0.14522284269332886,0.16208378970623016,0.18987445533275604,0.19024337828159332,0.47796353697776794,0.17716319859027863,0.11886920034885406,0.12366804480552673,0.1681462526321411,0.1444149911403656,0.133968785405159,0.1488308310508728,0.18694184720516205,0.2086614966392517,0.3587547242641449,0.18610069155693054,0.17373546957969666,0.18256989121437073,0.1342581808567047,0.10352030396461487,0.11433872580528259,0.11575821042060852,0.14975416660308838,0.14861255884170532,0.15065959095954895,0.21058884263038635,0.3974513113498688,0.16754849255084991,0.14212964475154877,0.135226309299469,0.15652328729629517,0.14043131470680237,0.13774943351745605,0.1361345648765564,0.17931577563285828,0.3131829500198364,0.10957595705986023,0.19995620846748352,0.20371288061141968,0.21104373037815094,0.16226936876773834,0.23877593874931335,0.11547411978244781,0.20040039718151093,0.22392767667770386
35,0.15894852578639984,0.17633673548698425,0.18687808513641357,0.15395383536815643,0.20185083150863647,0.1565321832895279,0.17817138135433197,0.14705008268356323,0.1625131070613861,0.16452553868293762,0.15559086203575134,0.1545429825782776,0.18070946633815765,0.2335878312587738,0.1903478354215622,0.1822432279586792,0.19490931928157806,0.1473146677017212,0.15434280037879944,0.13250216841697693,0.1326918751001358,0.1346694529056549,0.16477563977241516,0.1307591050863266,0.16682551801204681,0.21723110973834991,0.23383621871471405,0.179817795753479,0.1597031056880951,0.17501471936702728,0.1602226197719574,0.1599569320678711,0.1563829481601715,0.15914472937583923,0.1651003062725067,0.2236659973859787,0.16123847663402557,0.19738368690013885,0.20423263311386108,0.20090483129024506,0.1802530288696289,0.20646555721759796,0.14779427647590637,0.24212880432605743,0.23003512620925903
36,0.16413578391075134,0.15224811434745789,0.20116280019283295,0.2755947709083557,0.36343395709991455,0.17076095938682556,0.13617467880249023,0.1262545883655548,0.16781696677207947,0.12476084381341934,0.11352455615997314,0.12359870970249176,0.15940971672534943,0.16295532882213593,0.4189436137676239,0.1653563529253006,0.15316960215568542,0.18540476262569427,0.12629443407058716,0.09030412137508392,0.10567741841077805,0.11356011778116226,0.1415231078863144,0.16624481976032257,0.15038958191871643,0.18255718052387238,0.34948399662971497,0.1626434624195099,0.1445898413658142,0.13021893799304962,0.1430238038301468,0.1886514127254486,0.18197739124298096,0.18083320558071136,0.2090890258550644,0.2338859587907791,0.11376918107271194,0.2013758271932602,0.22471968829631805,0.2433186173439026,0.19265523552894592,0.24364450573921204,0.11953748017549515,0.16734819114208221,0.26713719964027405
37,0.159832164645195,0.15230970084667206,0.19168372452259064,0.22040484845638275,0.437524676322937,0.18156936764717102,0.12098114937543869,0.13805030286312103,0.14085470139980316,0.12903627753257751,0.10863708704710007,0.13204023241996765,0.14244237542152405,0.15933412313461304,0.290676474571228,0.1613542139530182,0.14347289502620697,0.17446638643741608,0.11997274309396744,0.08811326324939728,0.10980452597141266,0.12317482382059097,0.12885859608650208,0.15390220284461975,0.16078811883926392,0.1735633760690689,0.39671429991722107,0.15615549683570862,0.14910905063152313,0.11987712979316711,0.14330439269542694,0.17192965745925903,0.1822328418493271,0.18780100345611572,0.2132158875465393,0.25989675521850586,0.13911916315555573,0.2175377756357193,0.24120661616325378,0.263621062040329,0.21563652157783508,0.24823307991027832,0.1579044759273529,0.2012884020805359,0.2614143192768097
38,0.1520485281944275,0.12642405927181244,0.1880178153514862,0.21984098851680756,0.33397161960601807,0.21127882599830627,0.16808734834194183,0.12983407080173492,0.15842562913894653,0.1403234750032425,0.1238643154501915,0.12864941358566284,0.15108852088451385,0.17740750312805176,0.3089637756347656,0.1635475754737854,0.16590282320976257,0.17495350539684296,0.11983026564121246,0.09455909579992294,0.10441373288631439,0.1210697740316391,0.15238647162914276,0.1854012906551361,0.21172213554382324,0.2209700495004654,0.46449536085128784,0.1769603192806244,0.1521342694759369,0.1329754889011383,0.1389191746711731,0.17350605130195618,0.16840121150016785,0.16298584640026093,0.17919650673866272,0.2403695285320282,0.1122656911611557,0.1824362874031067,0.2256760597229004,0.24970045685768127,0.2476837933063507,0.22494396567344666,0.1580670028924942,0.1704367995262146,0.25858932733535767
39,0.14821825921535492,0.12719224393367767,0.18467018008232117,0.21883989870548248,0.3485582768917084,0.21269908547401428,0.15936404466629028,0.11736685037612915,0.15463103353977203,0.1425378918647766,0.12802723050117493,0.12918204069137573,0.1543751358985901,0.17719995975494385,0.30412757396698,0.16308808326721191,0.16088104248046875,0.16511888802051544,0.11870793998241425,0.09509377926588058,0.10026328265666962,0.12233529984951019,0.1534232199192047,0.1913195252418518,0.21592669188976288,0.22223851084709167,0.49961113929748535,0.17899391055107117,0.1481887847185135,0.1361752301454544,0.1417781263589859,0.17007096111774445,0.16581256687641144,0.1615021973848343,0.18007704615592957,0.2651832103729248,0.11362684518098831,0.19175036251544952,0.2241000086069107,0.2427329570055008,0.2437135875225067,0.22868196666240692,0.16197192668914795,0.16582974791526794,0.24316556751728058
40,0.15898014605045319,0.1826379895210266,0.1723385602235794,0.19819365441799164,0.3808419406414032,0.1583043485879898,0.10247498750686646,0.10671112686395645,0.14793401956558228,0.11601471155881882,0.10699336975812912,0.10847439616918564,0.1394079029560089,0.15733939409255981,0.28962117433547974,0.1516629159450531,0.14480675756931305,0.15866005420684814,0.11877483129501343,0.0863959938287735,0.08832484483718872,0.10509617626667023,0.13540181517601013,0.16354842483997345,0.17647305130958557,0.20177246630191803,0.41962388157844543,0.2091488093137741,0.15260829031467438,0.15278607606887817,0.17492997646331787,0.1882954090833664,0.19052453339099884,0.1910426765680313,0.21137039363384247,0.2757576107978821,0.11280575394630432,0.1988694965839386,0.25457409024238586,0.2808403968811035,0.22206056118011475,0.23903536796569824,0.1699621081352234,0.18570272624492645,0.24433982372283936
41,0.15856191515922546,0.1621282696723938,0.16955280303955078,0.19501417875289917,0.5118991732597351,0.1761881560087204,0.11323046684265137,0.11144285649061203,0.13317206501960754,0.1404501050710678,0.13299864530563354,0.13147784769535065,0.14855489134788513,0.1590423583984375,0.2927875518798828,0.1553260087966919,0.13455496728420258,0.14879436790943146,0.1166776716709137,0.0988246276974678,0.10119425505399704,0.12834587693214417,0.13867740333080292,0.16572271287441254,0.15632009506225586,0.17945237457752228,0.45035842061042786,0.16536612808704376,0.13602079451084137,0.1349780261516571,0.15397270023822784,0.16321110725402832,0.17692282795906067,0.18223483860492706,0.2018313705921173,0.29211947321891785,0.14429530501365662,0.22646158933639526,0.23217172920703888,0.24504700303077698,0.22676441073417664,0.25400233268737793,0.17105510830879211,0.19858935475349426,0.2293049544095993
42,0.1442146897315979,0.14650025963783264,0.1821592152118683,0.2617640197277069,0.7017824053764343,0.1924053132534027,0.1488257795572281,0.12306138873100281,0.16263779997825623,0.16863177716732025,0.1750292032957077,0.14588704705238342,0.16314658522605896,0.1920604556798935,0.3814510703086853,0.14251990616321564,0.15835735201835632,0.16719168424606323,0.11155083775520325,0.12188053131103516,0.10416976362466812,0.11726107448339462,0.13684751093387604,0.15956555306911469,0.1292753517627716,0.17957285046577454,0.45315733551979065,0.15569086372852325,0.14701546728610992,0.17754489183425903,0.15690360963344574,0.1326887607574463,0.1360287219285965,0.13837413489818573,0.15939846634864807,0.3034100830554962,0.12439490109682083,0.17815575003623962,0.19621318578720093,0.21003936231136322,0.17814885079860687,0.20658224821090698,0.13999678194522858,0.16937704384326935,0.1653589904308319
43,0.16426634788513184,0.15833218395709991,0.1752472221851349,0.21860739588737488,0.4372558295726776,0.14529520273208618,0.1354002207517624,0.14639154076576233,0.1522042155265808,0.14574402570724487,0.1429629772901535,0.1549505740404129,0.16319622099399567,0.15668833255767822,0.406918466091156,0.1585780382156372,0.14759406447410583,0.1701347380876541,0.13257303833961487,0.13701866567134857,0.13230477273464203,0.12979140877723694,0.13388468325138092,0.16352578997612,0.15126818418502808,0.1772809773683548,0.37210628390312195,0.17769411206245422,0.15864591300487518,0.13647650182247162,0.12950313091278076,0.16127099096775055,0.16789600253105164,0.1639609932899475,0.14379310607910156,0.2056453973054886,0.125308558344841,0.18041428923606873,0.2200758159160614,0.23702403903007507,0.2282303273677826,0.2350042462348938,0.15386514365673065,0.17264194786548615,0.2283490002155304
44,0.15360179543495178,0.16274140775203705,0.18267527222633362,0.24365684390068054,0.6013684272766113,0.17376567423343658,0.12167353928089142,0.13314615190029144,0.15672284364700317,0.12917721271514893,0.13174691796302795,0.14028599858283997,0.16442768275737762,0.17835336923599243,0.3858484625816345,0.15024960041046143,0.15756037831306458,0.18352167308330536,0.11979103088378906,0.10210669040679932,0.10471279919147491,0.10221962630748749,0.13133962452411652,0.14345501363277435,0.14588665962219238,0.1965758502483368,0.3847891390323639,0.17682215571403503,0.14258205890655518,0.13251027464866638,0.14424124360084534,0.17278742790222168,0.16998852789402008,0.1593373715877533,0.16431163251399994,0.22691930830478668,0.10753434896469116,0.16175906360149384,0.20442210137844086,0.228681281208992,0.18987274169921875,0.22087687253952026,0.1283969134092331,0.19540633261203766,0.23361121118068695
sum,7.647011756896973,7.002479553222656,8.608449935913086,9.62561321258545,17.57740020751953,8.211760520935059,6.499964237213135,6.254017353057861,7.276321887969971,6.6592183113098145,6.454204559326172,6.890324592590332,7.5957536697387695,7.88331937789917,15.31496524810791,7.804828643798828,7.070010185241699,8.047769546508789,6.269643306732178,5.561798095703125,5.860374927520752,6.156635761260986,6.75907039642334,7.504986763000488,7.537187576293945,8.444916725158691,16.225191116333008,7.653051853179932,7.104670524597168,6.69868803024292,6.871981620788574,8.431440353393555,8.414889335632324,8.240464210510254,8.271313667297363,11.211642265319824,5.573552131652832,8.6301851272583,8.980006217956543,9.600870132446289,8.14114761352539,9.909764289855957,6.553893566131592,7.586442947387695,9.426436424255371
posi,1.0,2.0,3.0,4.0,5.0,6.0,7.0,8.0,9.0,10.0,11.0,12.0,13.0,14.0,15.0,16.0,17.0,18.0,19.0,20.0,21.0,22.0,23.0,24.0,25.0,26.0,27.0,28.0,29.0,30.0,31.0,32.0,33.0,34.0,35.0,36.0,37.0,38.0,39.0,40.0,41.0,42.0,43.0,44.0,45.0
contrib,0.020665160977977468,0.018923387567938266,0.023263335973827574,0.02601210157293408,0.047500882228291776,0.02219132891023348,0.01756539829979441,0.016900755415138625,0.01966341466741729,0.017995763935709435,0.01744173808585769,0.01862030181501585,0.020526641951693493,0.021303754873681753,0.04138691456029686,0.021091642782445557,0.019105881256451223,0.021748162351427323,0.0169429827397956,0.015030113281969435,0.015836982486563088,0.01663759297538442,0.018265602596673522,0.020281354929932622,0.020368373887335284,0.022821406468169745,0.04384669423517783,0.020681483636550244,0.01919954679733209,0.018102426266229918,0.01857073206448474,0.022784988138921797,0.02274026093602758,0.022268897297021733,0.02235226437044277,0.03029816085104937,0.015061877198746803,0.0233220728036266,0.02426742366519037,0.025945236273072922,0.022000505730521782,0.026779986851594034,0.017711136046637686,0.020501480806095325,0.025473849439320545
