,M,T,Q,R,T,L,G,G,T,V,R,K,R,K,R,T,S,G,F,R,A,R,M,K,T,K,N,G,R,R,V,I,Q,A,R,R,S,R,G,R,V,R,L,A,V
0,0.20314210653305054,0.19884559512138367,0.19403673708438873,0.19080448150634766,0.194040909409523,0.21227030456066132,0.20688699185848236,0.20932477712631226,0.2087072730064392,0.18089371919631958,0.21124175190925598,0.1821410208940506,0.20678164064884186,0.1730029433965683,0.18750473856925964,0.18276067078113556,0.1528209149837494,0.18885597586631775,0.2302646040916443,0.21173283457756042,0.19379112124443054,0.1987457424402237,0.17889291048049927,0.1789822280406952,0.18331237137317657,0.1814054399728775,0.21143852174282074,0.17515859007835388,0.1829780638217926,0.18345189094543457,0.15923668444156647,0.17715954780578613,0.16729378700256348,0.1546657681465149,0.16202254593372345,0.15902642905712128,0.13552512228488922,0.15964947640895844,0.15485019981861115,0.1583469957113266,0.14098824560642242,0.1661045104265213,0.18562252819538116,0.16826684772968292,0.16433599591255188
1,0.4155929684638977,0.15763041377067566,0.1744086593389511,0.19942843914031982,0.15608055889606476,0.16824017465114594,0.3047342896461487,0.3289794623851776,0.18387500941753387,0.18716755509376526,0.21459832787513733,0.19843000173568726,0.18645437061786652,0.18318894505500793,0.18885564804077148,0.18211913108825684,0.21412572264671326,0.2531876564025879,0.28111889958381653,0.17422723770141602,0.17672352492809296,0.18119138479232788,0.3701689839363098,0.2079066038131714,0.183777317404747,0.20541423559188843,0.2414589822292328,0.22597895562648773,0.18073856830596924,0.16636833548545837,0.1444779634475708,0.12698033452033997,0.11614574491977692,0.1254216879606247,0.12868048250675201,0.1277398020029068,0.14113587141036987,0.11081446707248688,0.14920048415660858,0.11306494474411011,0.1256641000509262,0.1318071037530899,0.13250404596328735,0.13291983306407928,0.12932565808296204
2,0.7765629291534424,0.17642627656459808,0.17398913204669952,0.1853713095188141,0.13515278697013855,0.14567850530147552,0.3074091970920563,0.3280012607574463,0.15835651755332947,0.1678248941898346,0.20139136910438538,0.19516368210315704,0.18835584819316864,0.18801814317703247,0.20582397282123566,0.17239023745059967,0.20957288146018982,0.29058319330215454,0.23163020610809326,0.152120903134346,0.15900051593780518,0.1745239794254303,0.3006495237350464,0.19032160937786102,0.14476081728935242,0.19579897820949554,0.19793666899204254,0.24431979656219482,0.1776571422815323,0.16370245814323425,0.1275757998228073,0.12784714996814728,0.11732355505228043,0.11698704212903976,0.1308085173368454,0.11919412016868591,0.1341131627559662,0.09904136508703232,0.18554171919822693,0.10938476771116257,0.11885370314121246,0.1337805539369583,0.12777677178382874,0.1157042607665062,0.12806081771850586
3,0.9399030208587646,0.16106778383255005,0.13561490178108215,0.13815683126449585,0.12589041888713837,0.13073918223381042,0.26227059960365295,0.2735060453414917,0.14194154739379883,0.14708149433135986,0.14752081036567688,0.1656826287508011,0.150166854262352,0.16717217862606049,0.15768755972385406,0.15828418731689453,0.19849972426891327,0.25922954082489014,0.19886286556720734,0.13481155037879944,0.1715238243341446,0.1518917679786682,0.30763083696365356,0.17666877806186676,0.1418217569589615,0.16205331683158875,0.1551148146390915,0.21318411827087402,0.16901592910289764,0.1673731654882431,0.15672017633914948,0.14849668741226196,0.1334904283285141,0.14240939915180206,0.15837150812149048,0.14695893228054047,0.1714169979095459,0.11848334223031998,0.23526723682880402,0.12203682959079742,0.15508447587490082,0.14598511159420013,0.16300855576992035,0.1517488807439804,0.16610488295555115
4,0.45170801877975464,0.17669625580310822,0.17530323565006256,0.18567225337028503,0.16035108268260956,0.16323314607143402,0.26801592111587524,0.2668875455856323,0.16808655858039856,0.16783228516578674,0.17312288284301758,0.17956241965293884,0.1651052087545395,0.17684778571128845,0.16875353455543518,0.19464191794395447,0.24338211119174957,0.25888150930404663,0.21843409538269043,0.13857264816761017,0.14678539335727692,0.1452939808368683,0.2762727737426758,0.18619266152381897,0.1842455267906189,0.20877698063850403,0.24759997427463531,0.2277364730834961,0.17402392625808716,0.15804694592952728,0.14348383247852325,0.13720133900642395,0.1323411464691162,0.12787945568561554,0.14223940670490265,0.1413150429725647,0.19550876319408417,0.12660278379917145,0.20238421857357025,0.12979094684123993,0.15169447660446167,0.14657558500766754,0.16272661089897156,0.15658093988895416,0.160634383559227
5,0.4313819706439972,0.18027432262897491,0.17687398195266724,0.16038212180137634,0.1380676031112671,0.12766733765602112,0.22226008772850037,0.2341451793909073,0.1526264250278473,0.14882437884807587,0.16469576954841614,0.19129076600074768,0.1712968647480011,0.2145082652568817,0.19353903830051422,0.2041487991809845,0.22651101648807526,0.24481640756130219,0.19157513976097107,0.14467334747314453,0.15309767425060272,0.15711846947669983,0.2489670366048813,0.19405357539653778,0.17374983429908752,0.2076939046382904,0.21811825037002563,0.22596624493598938,0.16494542360305786,0.15164390206336975,0.13487160205841064,0.1462329924106598,0.15038058161735535,0.139235258102417,0.15769390761852264,0.15003521740436554,0.18962015211582184,0.140486940741539,0.21835669875144958,0.14774104952812195,0.16392070055007935,0.1618977040052414,0.16183221340179443,0.15324199199676514,0.1677495241165161
6,0.4119604527950287,0.1815679669380188,0.1483297497034073,0.14271678030490875,0.14434030652046204,0.13197088241577148,0.23619186878204346,0.24970637261867523,0.169680655002594,0.1504250019788742,0.1493711769580841,0.14948052167892456,0.15671740472316742,0.17243540287017822,0.17792874574661255,0.21662023663520813,0.2070068120956421,0.24680089950561523,0.21309953927993774,0.13798220455646515,0.1427600383758545,0.1541556566953659,0.2681002914905548,0.17324769496917725,0.19221559166908264,0.18594616651535034,0.24930185079574585,0.2528030574321747,0.17402110993862152,0.1685655266046524,0.16315895318984985,0.18339017033576965,0.15768735110759735,0.15865299105644226,0.1516614854335785,0.13937905430793762,0.16075627505779266,0.1310734897851944,0.24512501060962677,0.13901805877685547,0.15155749022960663,0.13687562942504883,0.1441977471113205,0.1372910588979721,0.16698791086673737
7,0.413282573223114,0.1775595247745514,0.1483965367078781,0.13903893530368805,0.14231282472610474,0.13339297473430634,0.23792500793933868,0.25424739718437195,0.16691437363624573,0.15145251154899597,0.1527692973613739,0.15165771543979645,0.16344548761844635,0.17389488220214844,0.18255886435508728,0.2129480242729187,0.1937037706375122,0.23908013105392456,0.22472596168518066,0.14346806704998016,0.14956912398338318,0.1607416719198227,0.2882351875305176,0.17880311608314514,0.19377602636814117,0.18780164420604706,0.25394102931022644,0.25768426060676575,0.17282980680465698,0.170564204454422,0.16655205190181732,0.1829720288515091,0.1621425896883011,0.16476653516292572,0.15421156585216522,0.14162084460258484,0.15171405673027039,0.12850253283977509,0.23623840510845184,0.1296485960483551,0.13940851390361786,0.12597376108169556,0.13485896587371826,0.13140395283699036,0.161641925573349
8,0.4034542441368103,0.17500828206539154,0.18002182245254517,0.17004548013210297,0.15675117075443268,0.15873487293720245,0.27001941204071045,0.27648112177848816,0.1663520336151123,0.15989306569099426,0.17192287743091583,0.1720791906118393,0.17785190045833588,0.17566944658756256,0.18131041526794434,0.2045888900756836,0.22006845474243164,0.24346831440925598,0.22375337779521942,0.1474105417728424,0.15798941254615784,0.15457899868488312,0.3109753131866455,0.1885339319705963,0.19473862648010254,0.2019994705915451,0.27186352014541626,0.24386827647686005,0.16452406346797943,0.15521426498889923,0.14962714910507202,0.1422978788614273,0.14798001945018768,0.14143772423267365,0.14650198817253113,0.1451432853937149,0.17688968777656555,0.12630316615104675,0.2061564028263092,0.1188313439488411,0.13629285991191864,0.12241055816411972,0.1395024061203003,0.13968074321746826,0.15273763239383698
9,0.9253401160240173,0.16969330608844757,0.1362178772687912,0.12490824609994888,0.12952293455600739,0.1387256234884262,0.194536030292511,0.2037140280008316,0.15292353928089142,0.15083229541778564,0.13502657413482666,0.13905885815620422,0.13894256949424744,0.14250707626342773,0.14778995513916016,0.20190651714801788,0.19635435938835144,0.2270861268043518,0.22086334228515625,0.13936063647270203,0.17638157308101654,0.1370863914489746,0.2813689112663269,0.14148563146591187,0.17044514417648315,0.1521318405866623,0.190780371427536,0.23048673570156097,0.16849620640277863,0.15840695798397064,0.1661447137594223,0.15666180849075317,0.1457708179950714,0.18712572753429413,0.16010068356990814,0.1468673050403595,0.1681169718503952,0.13104185461997986,0.20666751265525818,0.1337396651506424,0.1457533985376358,0.13307945430278778,0.16837896406650543,0.1627262383699417,0.16628119349479675
10,0.9501311779022217,0.15712422132492065,0.12503156065940857,0.1180218979716301,0.12405761331319809,0.13014596700668335,0.23029157519340515,0.23880591988563538,0.1424269825220108,0.13909278810024261,0.13188278675079346,0.15528011322021484,0.14582984149456024,0.1614653766155243,0.1520126461982727,0.1868845671415329,0.18685808777809143,0.24071171879768372,0.18005536496639252,0.1343432515859604,0.18552647531032562,0.1476612389087677,0.3105841875076294,0.16149337589740753,0.1502993255853653,0.15243744850158691,0.17727403342723846,0.21769540011882782,0.15911820530891418,0.1547393649816513,0.1598583161830902,0.14573454856872559,0.13978639245033264,0.16923148930072784,0.17036370933055878,0.15874023735523224,0.17061446607112885,0.12990199029445648,0.23990777134895325,0.12765178084373474,0.15510204434394836,0.138835147023201,0.16477619111537933,0.15958216786384583,0.1650264412164688
11,0.64557945728302,0.1943979263305664,0.16678953170776367,0.14461755752563477,0.16679225862026215,0.1597318947315216,0.2757088840007782,0.28480857610702515,0.18573994934558868,0.15817514061927795,0.14095556735992432,0.15453511476516724,0.15115682780742645,0.15617434680461884,0.15744706988334656,0.24007147550582886,0.23800447583198547,0.27137160301208496,0.2091693878173828,0.12959635257720947,0.154140904545784,0.13752806186676025,0.30826953053474426,0.16339778900146484,0.19191184639930725,0.17231877148151398,0.2410663664340973,0.23669832944869995,0.15853403508663177,0.14295020699501038,0.14668311178684235,0.13295644521713257,0.13833850622177124,0.13419348001480103,0.13323339819908142,0.13109664618968964,0.1726055145263672,0.12028924375772476,0.20823781192302704,0.12006304413080215,0.1339704990386963,0.11949101835489273,0.14474141597747803,0.1381872445344925,0.14836306869983673
12,0.8160583972930908,0.16917473077774048,0.13400983810424805,0.12382957339286804,0.13492602109909058,0.12678268551826477,0.2993443012237549,0.31513291597366333,0.16631121933460236,0.13445934653282166,0.12531092762947083,0.1509561985731125,0.13530540466308594,0.1542084515094757,0.13880465924739838,0.18536388874053955,0.2034406065940857,0.27014243602752686,0.18901029229164124,0.12749546766281128,0.19139766693115234,0.13867992162704468,0.32244575023651123,0.15741410851478577,0.16491925716400146,0.1501505970954895,0.1765766590833664,0.23702065646648407,0.1495550572872162,0.1420782506465912,0.14631417393684387,0.13847064971923828,0.13325200974941254,0.16458694636821747,0.1515820026397705,0.14570139348506927,0.17316417396068573,0.12188118696212769,0.2563270628452301,0.125806525349617,0.15834008157253265,0.13784721493721008,0.14947733283042908,0.15734924376010895,0.1503314971923828
13,0.5318698883056641,0.19431008398532867,0.17578533291816711,0.13757669925689697,0.1715182065963745,0.15236476063728333,0.3179212510585785,0.33199167251586914,0.19779442250728607,0.15336763858795166,0.13760361075401306,0.16062869131565094,0.1461978703737259,0.15863676369190216,0.15057028830051422,0.2248036116361618,0.2334643006324768,0.292950302362442,0.22517381608486176,0.12678909301757812,0.16571560502052307,0.13497383892536163,0.33939626812934875,0.1701003462076187,0.20963123440742493,0.17860059440135956,0.24765804409980774,0.25387322902679443,0.14885734021663666,0.13444459438323975,0.14140044152736664,0.12842760980129242,0.14066830277442932,0.13341128826141357,0.12324208766222,0.12460055202245712,0.18315507471561432,0.11128335446119308,0.22188225388526917,0.11401762068271637,0.13201072812080383,0.11305966228246689,0.1268225610256195,0.13362646102905273,0.1397714465856552
14,0.7512683868408203,0.17046160995960236,0.1354328691959381,0.10997166484594345,0.13625264167785645,0.1201590746641159,0.3020896315574646,0.32144680619239807,0.1667882651090622,0.1322297751903534,0.12487316131591797,0.16223765909671783,0.13715054094791412,0.15725892782211304,0.13486778736114502,0.17253482341766357,0.18071353435516357,0.27052199840545654,0.1889885663986206,0.12234769761562347,0.19743868708610535,0.14119018614292145,0.38443270325660706,0.17005088925361633,0.17152461409568787,0.16001585125923157,0.17707401514053345,0.24502228200435638,0.14389748871326447,0.13894101977348328,0.15095466375350952,0.12888392806053162,0.14194037020206451,0.164531409740448,0.1516115814447403,0.1491587609052658,0.1831548810005188,0.12172279506921768,0.25739261507987976,0.12154852598905563,0.1644592434167862,0.1364380121231079,0.13953764736652374,0.1560540646314621,0.15405304729938507
15,0.4287964403629303,0.1572585552930832,0.16670626401901245,0.14679865539073944,0.16070406138896942,0.15648621320724487,0.26423919200897217,0.27392932772636414,0.18441736698150635,0.16226084530353546,0.16249962151050568,0.17991873621940613,0.1585286557674408,0.16783805191516876,0.15504314005374908,0.1989538073539734,0.19442322850227356,0.2483050376176834,0.212911456823349,0.13271035254001617,0.17763912677764893,0.14414581656455994,0.3856291174888611,0.19017991423606873,0.21081990003585815,0.20420610904693604,0.2797324061393738,0.2474967986345291,0.16034702956676483,0.14357127249240875,0.14634914696216583,0.1305738389492035,0.14166170358657837,0.14237035810947418,0.13974040746688843,0.14554014801979065,0.1902599036693573,0.13303515315055847,0.19549453258514404,0.1303507387638092,0.15473443269729614,0.13636377453804016,0.1392349898815155,0.1515657752752304,0.15082509815692902
16,0.612646758556366,0.16210785508155823,0.1458338499069214,0.12147612869739532,0.1440156102180481,0.15804490447044373,0.1954822838306427,0.2070014625787735,0.17474079132080078,0.1624276041984558,0.1526383012533188,0.16601771116256714,0.1563844382762909,0.17488865554332733,0.16321414709091187,0.22672925889492035,0.183717280626297,0.21042035520076752,0.1616993248462677,0.11580552160739899,0.15204569697380066,0.1341230720281601,0.36223194003105164,0.16006925702095032,0.18635506927967072,0.17375503480434418,0.20450511574745178,0.23581679165363312,0.16437126696109772,0.1491730511188507,0.1574545055627823,0.12703566253185272,0.1507914662361145,0.1511516273021698,0.14680562913417816,0.145646333694458,0.18931671977043152,0.1470280885696411,0.18984806537628174,0.15112273395061493,0.18177646398544312,0.15189294517040253,0.1735524982213974,0.1618363857269287,0.17772719264030457
17,0.40300968289375305,0.14400607347488403,0.12563876807689667,0.13745824992656708,0.13500860333442688,0.14101234078407288,0.20616839826107025,0.22116915881633759,0.17191462218761444,0.15968337655067444,0.14845263957977295,0.14515747129917145,0.1527732014656067,0.17006517946720123,0.17255616188049316,0.22296470403671265,0.16725650429725647,0.21188098192214966,0.18385370075702667,0.1314651072025299,0.16032975912094116,0.15283100306987762,0.3101494312286377,0.16658776998519897,0.20284432172775269,0.19278384745121002,0.2509445548057556,0.2669629156589508,0.17750805616378784,0.16160687804222107,0.16369464993476868,0.17360135912895203,0.14945214986801147,0.1786651611328125,0.14904017746448517,0.13948781788349152,0.14907535910606384,0.14283902943134308,0.22004832327365875,0.16439315676689148,0.1775660365819931,0.15348517894744873,0.14942091703414917,0.15460240840911865,0.17779754102230072
18,0.3731061518192291,0.1783772110939026,0.16227500140666962,0.14619554579257965,0.15658873319625854,0.16407588124275208,0.2522132694721222,0.26495203375816345,0.20031124353408813,0.15493807196617126,0.13358914852142334,0.160404235124588,0.13600842654705048,0.1724267154932022,0.15354344248771667,0.18961448967456818,0.16669206321239471,0.2035427987575531,0.137741357088089,0.11257433891296387,0.16098394989967346,0.1241542398929596,0.24780377745628357,0.15022429823875427,0.17830543220043182,0.17612145841121674,0.16746912896633148,0.25732919573783875,0.1630362570285797,0.15115627646446228,0.16404710710048676,0.15375147759914398,0.16650782525539398,0.1849154680967331,0.149667888879776,0.1390906572341919,0.17358681559562683,0.14577065408229828,0.2604179382324219,0.176789328455925,0.1997576653957367,0.17659391462802887,0.1797144114971161,0.1782906949520111,0.18048208951950073
19,0.600685179233551,0.1689363270998001,0.13181588053703308,0.12515276670455933,0.13006198406219482,0.12509839236736298,0.27531301975250244,0.2915799915790558,0.16681921482086182,0.14314265549182892,0.12695446610450745,0.16884109377861023,0.14179986715316772,0.191802516579628,0.15991224348545074,0.19500532746315002,0.1727876365184784,0.23792725801467896,0.142774760723114,0.11540278792381287,0.16862407326698303,0.13936114311218262,0.2983044981956482,0.16101346909999847,0.15679337084293365,0.16035866737365723,0.1508614718914032,0.22861097753047943,0.15525226294994354,0.14716818928718567,0.15425880253314972,0.13519488275051117,0.13479258120059967,0.16492459177970886,0.1438254415988922,0.13391408324241638,0.15402069687843323,0.13043779134750366,0.25073766708374023,0.1598728746175766,0.19774611294269562,0.17452369630336761,0.16356340050697327,0.16832537949085236,0.18377293646335602
20,0.35034385323524475,0.16384686529636383,0.15590903162956238,0.13196095824241638,0.14688242971897125,0.15949755907058716,0.26032063364982605,0.2713044285774231,0.18256554007530212,0.15345409512519836,0.13773244619369507,0.1883966326713562,0.15568199753761292,0.21094684302806854,0.16124173998832703,0.2244538962841034,0.17215900123119354,0.2267814427614212,0.1628929078578949,0.11629397422075272,0.15182551741600037,0.12521633505821228,0.2746472954750061,0.17649787664413452,0.185298353433609,0.2017744481563568,0.20351743698120117,0.24773254990577698,0.15890245139598846,0.14866796135902405,0.16266024112701416,0.15520520508289337,0.16189776360988617,0.1480880081653595,0.14330527186393738,0.1405492126941681,0.16666212677955627,0.1366051584482193,0.21624799072742462,0.13824237883090973,0.1658724695444107,0.13267186284065247,0.15879076719284058,0.14785102009773254,0.20242461562156677
21,0.8307369947433472,0.182280495762825,0.12411446869373322,0.10663333535194397,0.12484966218471527,0.12619617581367493,0.24918806552886963,0.26271191239356995,0.1497015506029129,0.13437150418758392,0.11193922907114029,0.15095749497413635,0.12563228607177734,0.16363713145256042,0.12906718254089355,0.16327351331710815,0.1612139195203781,0.2075740545988083,0.13789799809455872,0.10531903058290482,0.15739202499389648,0.12270193547010422,0.28629857301712036,0.1536359190940857,0.15180526673793793,0.16184256970882416,0.15075020492076874,0.23215395212173462,0.15426726639270782,0.1500033140182495,0.16364715993404388,0.14015020430088043,0.14592930674552917,0.1838376820087433,0.15997731685638428,0.14976240694522858,0.17345590889453888,0.13220864534378052,0.2548391819000244,0.14379046857357025,0.18542781472206116,0.15646202862262726,0.17075225710868835,0.17620880901813507,0.2048587054014206
22,0.24779438972473145,0.2133963704109192,0.18007256090641022,0.14122897386550903,0.1685006022453308,0.16657745838165283,0.1704021841287613,0.16975858807563782,0.18681687116622925,0.15292714536190033,0.14692527055740356,0.14543651044368744,0.15280182659626007,0.14969752728939056,0.13858889043331146,0.1737164407968521,0.12443272024393082,0.13671140372753143,0.12532386183738708,0.12817984819412231,0.14818505942821503,0.11933135986328125,0.16098597645759583,0.1400032639503479,0.18708661198616028,0.1719134896993637,0.1945793479681015,0.1969761997461319,0.17033812403678894,0.17034301161766052,0.1750200092792511,0.18377605080604553,0.20564591884613037,0.2043212503194809,0.1776898205280304,0.17740362882614136,0.1822768896818161,0.1839963048696518,0.20493455231189728,0.18047992885112762,0.18237873911857605,0.17674610018730164,0.22642984986305237,0.22175195813179016,0.23757819831371307
23,0.6933124661445618,0.20266909897327423,0.1489526927471161,0.12471847981214523,0.14456434547901154,0.1410149782896042,0.20557615160942078,0.21258816123008728,0.16682648658752441,0.15817342698574066,0.13044650852680206,0.14514154195785522,0.13628995418548584,0.1486097127199173,0.13623398542404175,0.1939542442560196,0.20241697132587433,0.20512855052947998,0.16101130843162537,0.10936262458562851,0.12973639369010925,0.12077172100543976,0.2609173655509949,0.14804869890213013,0.18654440343379974,0.17353615164756775,0.21100586652755737,0.22931550443172455,0.16488443315029144,0.14921264350414276,0.16774898767471313,0.13687388598918915,0.1460883766412735,0.16530372202396393,0.14809902012348175,0.14306916296482086,0.19527612626552582,0.13806451857089996,0.21522213518619537,0.15667177736759186,0.18920710682868958,0.15741345286369324,0.1819038689136505,0.17788757383823395,0.21337245404720306
24,0.5043062567710876,0.17889304459095,0.1538136601448059,0.13370980322360992,0.14225496351718903,0.1475624293088913,0.2415299266576767,0.25687500834465027,0.1782342791557312,0.1622706651687622,0.13886140286922455,0.15052199363708496,0.1365470290184021,0.15319448709487915,0.14326919615268707,0.19297243654727936,0.215892493724823,0.20000499486923218,0.18543671071529388,0.1261984407901764,0.1496533304452896,0.13011765480041504,0.2844142019748688,0.15380555391311646,0.17967048287391663,0.18641264736652374,0.23311838507652283,0.22834113240242004,0.17578622698783875,0.15203523635864258,0.15602442622184753,0.13323089480400085,0.1324699968099594,0.16386982798576355,0.1514662355184555,0.14852872490882874,0.1891048103570938,0.14718890190124512,0.19743990898132324,0.16608431935310364,0.19954995810985565,0.17537900805473328,0.1847175657749176,0.17733217775821686,0.1981637328863144
25,0.6385979056358337,0.19037020206451416,0.1574099063873291,0.12619175016880035,0.13933101296424866,0.14051024615764618,0.22808660566806793,0.24593383073806763,0.17219702899456024,0.1606397181749344,0.13261696696281433,0.14804548025131226,0.14035920798778534,0.1551147848367691,0.1532721370458603,0.2066594958305359,0.21535836160182953,0.23266074061393738,0.19337721168994904,0.12696653604507446,0.14290818572044373,0.13530394434928894,0.27566638588905334,0.14460420608520508,0.17464233934879303,0.16468875110149384,0.20784342288970947,0.24492928385734558,0.16597147285938263,0.1462348997592926,0.16009484231472015,0.12985314428806305,0.13959269225597382,0.15732863545417786,0.13881699740886688,0.13326165080070496,0.1735917329788208,0.13128447532653809,0.21852435171604156,0.1529826521873474,0.18995900452136993,0.15409702062606812,0.1730639934539795,0.1628435105085373,0.1992010921239853
26,0.5440858006477356,0.1945592761039734,0.16102874279022217,0.1290155053138733,0.1399870216846466,0.15690086781978607,0.18628281354904175,0.2048267424106598,0.1700511872768402,0.15815885365009308,0.12461982667446136,0.12864676117897034,0.12568369507789612,0.14210368692874908,0.1437893509864807,0.20067813992500305,0.18440169095993042,0.1836121529340744,0.16764891147613525,0.1256265491247177,0.16255241632461548,0.13213257491588593,0.21451644599437714,0.12969429790973663,0.17068792879581451,0.158442884683609,0.1833306849002838,0.2690839171409607,0.1905408352613449,0.16833610832691193,0.17890557646751404,0.13725700974464417,0.1425098329782486,0.20449435710906982,0.16877971589565277,0.1590527445077896,0.18342182040214539,0.15104568004608154,0.23317454755306244,0.17853310704231262,0.21904852986335754,0.17710909247398376,0.18718485534191132,0.18059402704238892,0.20219959318637848
27,0.8103563189506531,0.14612813293933868,0.12748801708221436,0.11202677339315414,0.12606389820575714,0.14138056337833405,0.19235074520111084,0.21019814908504486,0.15557993948459625,0.14946168661117554,0.12345810979604721,0.1361386775970459,0.12948070466518402,0.15310858190059662,0.14768271148204803,0.21146714687347412,0.17333431541919708,0.2181190401315689,0.22358466684818268,0.12211628258228302,0.14536766707897186,0.1286817193031311,0.2667246460914612,0.14502325654029846,0.17504295706748962,0.17632609605789185,0.23864954710006714,0.3191869854927063,0.16721154749393463,0.14842437207698822,0.1684773862361908,0.14950086176395416,0.13833729922771454,0.17015671730041504,0.14065514504909515,0.13035938143730164,0.15500029921531677,0.12426269054412842,0.24130073189735413,0.13599273562431335,0.16722632944583893,0.1294257640838623,0.1504860818386078,0.14569824934005737,0.2076706737279892
28,1.0723483562469482,0.137271448969841,0.11492647975683212,0.09163159877061844,0.11290181428194046,0.12146361917257309,0.1990491896867752,0.20865634083747864,0.12867210805416107,0.1294914186000824,0.09948553889989853,0.14516523480415344,0.11537766456604004,0.1635829508304596,0.1320265531539917,0.18678949773311615,0.17797230184078217,0.2415645867586136,0.181640625,0.1137763112783432,0.1531393676996231,0.11904990673065186,0.26861587166786194,0.13788528740406036,0.13920311629772186,0.148347869515419,0.16751664876937866,0.2722012996673584,0.14283625781536102,0.13529886305332184,0.16090857982635498,0.12133478373289108,0.1320861428976059,0.15930168330669403,0.15001894533634186,0.14129731059074402,0.1848328560590744,0.13114753365516663,0.2827964425086975,0.1421680450439453,0.20205344259738922,0.15726037323474884,0.19232936203479767,0.17754225432872772,0.22155778110027313
29,1.0833368301391602,0.1367555856704712,0.10784117877483368,0.09045260399580002,0.1148972362279892,0.11540226638317108,0.192111536860466,0.19861960411071777,0.13104811310768127,0.12503468990325928,0.09606429934501648,0.14209900796413422,0.11404745280742645,0.16553452610969543,0.13026267290115356,0.2113957703113556,0.1842278391122818,0.25006991624832153,0.17229223251342773,0.10702183097600937,0.14624014496803284,0.1130441278219223,0.2662223279476166,0.1345759630203247,0.14896926283836365,0.14572258293628693,0.1713433861732483,0.2550705075263977,0.13873985409736633,0.13208389282226562,0.1565755009651184,0.12084387242794037,0.12958669662475586,0.15472707152366638,0.1487084925174713,0.14096097648143768,0.19501666724681854,0.13557399809360504,0.2685236632823944,0.14912545680999756,0.21062634885311127,0.1645725667476654,0.197743222117424,0.18622510135173798,0.2247946709394455
30,1.0033891201019287,0.1507050096988678,0.11087840050458908,0.09891105443239212,0.12163606286048889,0.12019004672765732,0.1723530888557434,0.18506792187690735,0.15686574578285217,0.13256816565990448,0.10427087545394897,0.1247728168964386,0.11704418808221817,0.14510869979858398,0.1310800015926361,0.24280115962028503,0.20669032633304596,0.23329588770866394,0.19558602571487427,0.10892690718173981,0.14302963018417358,0.1047380268573761,0.2290811538696289,0.11662453413009644,0.20017558336257935,0.14692601561546326,0.1884126365184784,0.2512313425540924,0.14807866513729095,0.13419222831726074,0.1542331874370575,0.13283689320087433,0.128336101770401,0.16568762063980103,0.13257558643817902,0.12874987721443176,0.18849924206733704,0.13598614931106567,0.2204168438911438,0.15407520532608032,0.1969485580921173,0.1604095995426178,0.19946396350860596,0.19912953674793243,0.2209150195121765
31,0.5229601860046387,0.16995178163051605,0.1436072289943695,0.1118154376745224,0.14820674061775208,0.14118893444538116,0.29740357398986816,0.30555087327957153,0.17552228271961212,0.1409326046705246,0.12482824176549911,0.1477435827255249,0.14090970158576965,0.16706407070159912,0.15962249040603638,0.23591499030590057,0.2191927134990692,0.28389376401901245,0.1680355817079544,0.10653969645500183,0.14615613222122192,0.12173084169626236,0.2772141098976135,0.14418625831604004,0.18916165828704834,0.1539374142885208,0.20156729221343994,0.27351415157318115,0.1394200176000595,0.13056115806102753,0.1506432443857193,0.11738089472055435,0.13700655102729797,0.14122027158737183,0.13131287693977356,0.1288291960954666,0.21520580351352692,0.12604990601539612,0.2424982488155365,0.13815172016620636,0.18886815011501312,0.14089210331439972,0.1665116548538208,0.16247910261154175,0.18985137343406677
32,0.8210939764976501,0.16452187299728394,0.144941508769989,0.1186765804886818,0.12274514138698578,0.12579573690891266,0.27037835121154785,0.28945252299308777,0.15659193694591522,0.1462702453136444,0.13926135003566742,0.16235844790935516,0.15549145638942719,0.18431419134140015,0.1818840503692627,0.23130804300308228,0.22165536880493164,0.2964228391647339,0.19097192585468292,0.11742298305034637,0.14236420392990112,0.1288008838891983,0.2994091510772705,0.15909066796302795,0.16921421885490417,0.17020311951637268,0.21042676270008087,0.2595580518245697,0.14801451563835144,0.13546323776245117,0.13603927195072174,0.11651463061571121,0.12570323050022125,0.12140961736440659,0.12061334401369095,0.11284641921520233,0.1600782573223114,0.11290422827005386,0.19261163473129272,0.13086454570293427,0.16337253153324127,0.1489506959915161,0.16002929210662842,0.13913336396217346,0.19007641077041626
33,0.5711751580238342,0.15088918805122375,0.13850584626197815,0.1013433188199997,0.13455241918563843,0.15581317245960236,0.24842646718025208,0.2702453136444092,0.17989590764045715,0.154193714261055,0.13697725534439087,0.1806039810180664,0.15835000574588776,0.19213035702705383,0.16363488137722015,0.24757206439971924,0.19029375910758972,0.2512316107749939,0.2119479924440384,0.12524805963039398,0.1499166339635849,0.1245775893330574,0.3371572196483612,0.15855897963047028,0.18460236489772797,0.174245685338974,0.21818411350250244,0.23427903652191162,0.14232271909713745,0.1342983841896057,0.16623938083648682,0.1278114765882492,0.14878211915493011,0.1307469755411148,0.13179068267345428,0.13168904185295105,0.1767435222864151,0.13312633335590363,0.16790588200092316,0.12058142572641373,0.1608770191669464,0.12010825425386429,0.1701948046684265,0.15099895000457764,0.22231142222881317
34,0.996392011642456,0.14234712719917297,0.11339862644672394,0.09186773747205734,0.11160240322351456,0.13700610399246216,0.22829292714595795,0.24651773273944855,0.14005228877067566,0.14294639229774475,0.1160208135843277,0.15112246572971344,0.12600496411323547,0.16472753882408142,0.14253371953964233,0.18134081363677979,0.18491852283477783,0.22433164715766907,0.1836063414812088,0.12313178926706314,0.15070077776908875,0.12911853194236755,0.3155193626880646,0.1509568691253662,0.14751826226711273,0.1523742973804474,0.16523706912994385,0.2354203462600708,0.14537416398525238,0.1387535184621811,0.16696220636367798,0.129400372505188,0.13256146013736725,0.1594967395067215,0.14243905246257782,0.13495074212551117,0.17386120557785034,0.1295224279165268,0.1912822276353836,0.1373606026172638,0.18839919567108154,0.15190666913986206,0.1910911202430725,0.1749468445777893,0.21192589402198792
35,1.011856198310852,0.13968756794929504,0.1120724007487297,0.09355384111404419,0.11213845014572144,0.14386765658855438,0.2174825221300125,0.23306936025619507,0.1392805576324463,0.1422054022550583,0.11102696508169174,0.14149998128414154,0.11860394477844238,0.1601123809814453,0.1401812583208084,0.18789654970169067,0.19385859370231628,0.21950554847717285,0.17209814488887787,0.11462266743183136,0.14003533124923706,0.12150807678699493,0.29975053668022156,0.14364224672317505,0.142053484916687,0.1517120599746704,0.16767512261867523,0.23510828614234924,0.14852552115917206,0.13814274966716766,0.16309356689453125,0.128163680434227,0.12636688351631165,0.1555776596069336,0.14245229959487915,0.1348768174648285,0.17960266768932343,0.13486681878566742,0.20451773703098297,0.150486022233963,0.2033441811800003,0.16121360659599304,0.20516501367092133,0.1786506623029709,0.2165185809135437
36,0.8283869028091431,0.1576426774263382,0.13240671157836914,0.10693972557783127,0.1339423805475235,0.18491347134113312,0.18261338770389557,0.1950063556432724,0.17061854898929596,0.1555199772119522,0.12494677305221558,0.13743814826011658,0.13145442306995392,0.1631735861301422,0.15454445779323578,0.2427961826324463,0.22862082719802856,0.20059102773666382,0.17087715864181519,0.09690029174089432,0.11703331023454666,0.10357709974050522,0.303202748298645,0.13403408229351044,0.16235271096229553,0.1686084270477295,0.2001602053642273,0.2392956018447876,0.15851402282714844,0.14052721858024597,0.1545296311378479,0.11982370913028717,0.12442401051521301,0.13515323400497437,0.12732809782028198,0.12451658397912979,0.1955690085887909,0.13764555752277374,0.17934727668762207,0.15267232060432434,0.1936284452676773,0.1528967022895813,0.21453720331192017,0.16329647600650787,0.21305514872074127
37,0.9046921133995056,0.1498238891363144,0.11570463329553604,0.09335647523403168,0.1173095852136612,0.13221243023872375,0.24414999783039093,0.25955313444137573,0.1471531093120575,0.1308964043855667,0.09640569984912872,0.12910497188568115,0.10629396140575409,0.15280987322330475,0.13348393142223358,0.19561660289764404,0.2104431837797165,0.23336336016654968,0.1593742072582245,0.09610938280820847,0.1241326555609703,0.10875851660966873,0.2923249900341034,0.13489413261413574,0.14605127274990082,0.1509518176317215,0.17453797161579132,0.25320249795913696,0.14415328204631805,0.13070784509181976,0.15099823474884033,0.12092427909374237,0.12196508049964905,0.1499137580394745,0.13439582288265228,0.12858039140701294,0.1941906213760376,0.1360166370868683,0.2647932469844818,0.16075679659843445,0.22785121202468872,0.1660982072353363,0.205417662858963,0.17796790599822998,0.22137825191020966
38,0.5882133841514587,0.15062668919563293,0.12092214822769165,0.10420366376638412,0.13338522613048553,0.1445014774799347,0.23009136319160461,0.2457861751317978,0.1687421053647995,0.13835099339485168,0.10874684900045395,0.12666156888008118,0.11956864595413208,0.15674160420894623,0.1488337367773056,0.23140349984169006,0.20214223861694336,0.22103457152843475,0.21304376423358917,0.09700203686952591,0.11917424947023392,0.10895213484764099,0.30249837040901184,0.14477919042110443,0.1926930844783783,0.18497410416603088,0.2651919424533844,0.30921655893325806,0.1617668867111206,0.14302366971969604,0.15592217445373535,0.14838272333145142,0.13536641001701355,0.15558920800685883,0.12832359969615936,0.12239904701709747,0.18072830140590668,0.13114626705646515,0.24912820756435394,0.15101578831672668,0.1851692795753479,0.13904686272144318,0.16569223999977112,0.15041275322437286,0.22127367556095123
39,0.9425373673439026,0.15185925364494324,0.11535690724849701,0.08535365760326385,0.1161525696516037,0.12049883604049683,0.23600313067436218,0.24960464239120483,0.13938800990581512,0.12565237283706665,0.0959187000989914,0.13294079899787903,0.10767294466495514,0.1414421796798706,0.12662985920906067,0.17774905264377594,0.18016178905963898,0.22818511724472046,0.1591174155473709,0.09233390539884567,0.12194757908582687,0.10653954744338989,0.33552610874176025,0.140777587890625,0.15261150896549225,0.1526092141866684,0.18708765506744385,0.26869073510169983,0.13996680080890656,0.13228434324264526,0.15666474401950836,0.11842069029808044,0.13140727579593658,0.15722665190696716,0.13814599812030792,0.13453803956508636,0.19979792833328247,0.13867561519145966,0.2955910861492157,0.14958599209785461,0.22216078639030457,0.153276264667511,0.18837988376617432,0.1697227507829666,0.2282617688179016
40,1.0042260885238647,0.14263509213924408,0.1134217232465744,0.09226100891828537,0.10975725948810577,0.12304756045341492,0.17249274253845215,0.18745283782482147,0.1441800743341446,0.13621573150157928,0.10593058913946152,0.12165781110525131,0.11410637944936752,0.12770316004753113,0.12427632510662079,0.18958571553230286,0.176783487200737,0.2002670168876648,0.19057686626911163,0.10170050710439682,0.12436580657958984,0.10085403174161911,0.2961992025375366,0.12286339700222015,0.17398256063461304,0.15206612646579742,0.21088871359825134,0.27431488037109375,0.15485894680023193,0.13769979774951935,0.16029880940914154,0.13263404369354248,0.13044600188732147,0.17946015298366547,0.13774746656417847,0.13822710514068604,0.19721125066280365,0.1514434665441513,0.2388777881860733,0.16173025965690613,0.20409469306468964,0.1582491099834442,0.20285992324352264,0.1840292513370514,0.22855068743228912
41,1.0809378623962402,0.12612469494342804,0.10611961036920547,0.08757542818784714,0.1048346757888794,0.11686289310455322,0.18426531553268433,0.1951604038476944,0.12734204530715942,0.13596726953983307,0.10932917892932892,0.13725250959396362,0.11692579835653305,0.13855263590812683,0.13213348388671875,0.17726488411426544,0.1597164273262024,0.20408865809440613,0.1571008712053299,0.10434699058532715,0.12841618061065674,0.11667534708976746,0.34323635697364807,0.13775354623794556,0.14714482426643372,0.14432485401630402,0.19245140254497528,0.2447270005941391,0.14500439167022705,0.13659627735614777,0.16147150099277496,0.12399852275848389,0.12687763571739197,0.17214259505271912,0.1474287509918213,0.1426999717950821,0.18611657619476318,0.15196655690670013,0.2516925632953644,0.1643725037574768,0.22257094085216522,0.16924580931663513,0.20540975034236908,0.18189658224582672,0.22739653289318085
42,0.7670015096664429,0.13971452414989471,0.13977684080600739,0.12230003625154495,0.11381004750728607,0.12474709749221802,0.1817392259836197,0.19628289341926575,0.1392543911933899,0.15146934986114502,0.14330527186393738,0.16090738773345947,0.14772050082683563,0.17397049069404602,0.17312084138393402,0.20600424706935883,0.18378287553787231,0.2070201337337494,0.1666538119316101,0.12937074899673462,0.13769160211086273,0.1329440176486969,0.3108702301979065,0.15800923109054565,0.16313821077346802,0.17776259779930115,0.2282947301864624,0.23896430432796478,0.15933607518672943,0.13890811800956726,0.13654108345508575,0.12763245403766632,0.12936335802078247,0.15422670543193817,0.1393095701932907,0.1393490880727768,0.16478115320205688,0.16445408761501312,0.1894269734621048,0.17611686885356903,0.19038480520248413,0.17807696759700775,0.1854131668806076,0.17176128923892975,0.20958152413368225
43,0.7410517334938049,0.13364674150943756,0.13204362988471985,0.11434571444988251,0.12091028690338135,0.14306944608688354,0.23214572668075562,0.24006572365760803,0.15637743473052979,0.15751582384109497,0.1356310248374939,0.1557503193616867,0.1431279182434082,0.16500325500965118,0.1578083038330078,0.23827409744262695,0.18931816518306732,0.22914348542690277,0.19123363494873047,0.11656127870082855,0.12931858003139496,0.11814950406551361,0.31185030937194824,0.13785061240196228,0.16714303195476532,0.15890836715698242,0.24138136208057404,0.2292664647102356,0.15086624026298523,0.1347341239452362,0.15274493396282196,0.12793557345867157,0.13084077835083008,0.1365545392036438,0.13122645020484924,0.13373638689517975,0.1654287725687027,0.15280908346176147,0.1995253562927246,0.1558580845594406,0.18269580602645874,0.14798474311828613,0.18895535171031952,0.16109538078308105,0.2232445627450943
44,1.009196162223816,0.14509902894496918,0.12333516031503677,0.11366404592990875,0.1111391931772232,0.12844941020011902,0.2170303910970688,0.2352597713470459,0.15152984857559204,0.1490418165922165,0.12390738725662231,0.12737946212291718,0.12671421468257904,0.14024731516838074,0.14059768617153168,0.1966671645641327,0.20046691596508026,0.2184736281633377,0.21346980333328247,0.11865393817424774,0.14091892540454865,0.11032773554325104,0.25022220611572266,0.115471750497818,0.1710733026266098,0.13997608423233032,0.186844140291214,0.2648301422595978,0.15252460539340973,0.135343536734581,0.14161640405654907,0.136917844414711,0.11534562706947327,0.16720673441886902,0.12333566695451736,0.12102774530649185,0.1544131189584732,0.131712406873703,0.22187493741512299,0.15852396190166473,0.18146216869354248,0.16593612730503082,0.18867580592632294,0.18619515001773834,0.20421285927295685
sum,31.05380630493164,7.412370681762695,6.406559944152832,5.671362400054932,6.114792346954346,6.403226375579834,10.568784713745117,11.151361465454102,7.34121561050415,6.735733509063721,6.125076770782471,6.946268558502197,6.4281439781188965,7.410642623901367,6.95552396774292,9.120889663696289,8.748857498168945,10.462838172912598,8.520503997802734,5.602622032165527,6.843666076660156,5.993579864501953,13.163578987121582,7.029994010925293,7.79411506652832,7.6783576011657715,9.310710906982422,11.03032398223877,7.177911758422852,6.651041507720947,7.000924110412598,6.24067497253418,6.286684036254883,7.039604663848877,6.487346172332764,6.251518726348877,7.894617557525635,6.0558929443359375,9.982577323913574,6.499443054199219,7.9078593254089355,6.738447666168213,7.712448596954346,7.314635276794434,8.53238582611084
posi,1.0,2.0,3.0,4.0,5.0,6.0,7.0,8.0,9.0,10.0,11.0,12.0,13.0,14.0,15.0,16.0,17.0,18.0,19.0,20.0,21.0,22.0,23.0,24.0,25.0,26.0,27.0,28.0,29.0,30.0,31.0,32.0,33.0,34.0,35.0,36.0,37.0,38.0,39.0,40.0,41.0,42.0,43.0,44.0,45.0
contrib,0.08489310534686487,0.02026351162810469,0.01751388422113005,0.015504043561051365,0.016716266785040124,0.017504771103553748,0.02889233433357935,0.030484949070395395,0.020068991996565803,0.0184137599352046,0.01674438174997871,0.018989308515487642,0.017572889408812967,0.02025878756315025,0.01901461041967245,0.024934162320524735,0.023917122234990377,0.028602703788334318,0.02329286260083933,0.015316125106369349,0.018708819765917418,0.016384903088714375,0.03598583332175998,0.019218192330340285,0.021307102418658946,0.02099065133355804,0.025453084691751202,0.03015406377689478,0.019622561340621222,0.018182233824639304,0.019138722712271107,0.017060397449402246,0.017186174375264374,0.019244465379224612,0.017734732954200354,0.017090041478411352,0.02158185033432758,0.01655525099385971,0.027289794367579216,0.01776780271243139,0.021618049915945927,0.01842117974141892,0.021083847332413724,0.01999632821269286,0.02332534445805093
