,R,R,S,R,R,G,R,G,G,G,R,R,G,G,S,G,G,R,G,G,R,G,G,G,G,R,S,G,A,G,S,S,I,A,G,V,G,S,R,G,G,G,G,G,R,H,Y,A
0,0.16654972732067108,0.15945987403392792,0.15269304811954498,0.1465149223804474,0.1340932995080948,0.21092809736728668,0.12743966281414032,0.2815423905849457,0.2925305664539337,0.2908875644207001,0.1723327934741974,0.17182660102844238,0.2633659839630127,0.2597962021827698,0.1825328916311264,0.2456841766834259,0.2343275547027588,0.16214407980442047,0.21812210977077484,0.22104567289352417,0.1728297621011734,0.2511388957500458,0.25738921761512756,0.25170373916625977,0.2329675853252411,0.16134266555309296,0.15228857100009918,0.15080198645591736,0.13575351238250732,0.14515000581741333,0.16267821192741394,0.15614089369773865,0.1352643519639969,0.1360582560300827,0.1331927478313446,0.14907093346118927,0.12374242395162582,0.13523174822330475,0.12139113247394562,0.1438581794500351,0.1597789227962494,0.1754097044467926,0.18223276734352112,0.1735628843307495,0.16269248723983765,0.14456254243850708,0.15588513016700745,0.15749479830265045
1,0.17697638273239136,0.17322169244289398,0.164833664894104,0.1615823209285736,0.1449882835149765,0.2139589935541153,0.12900389730930328,0.27742576599121094,0.29062148928642273,0.29225751757621765,0.17653268575668335,0.1760280579328537,0.25689977407455444,0.25258326530456543,0.1803680658340454,0.24513179063796997,0.2343699038028717,0.17138995230197906,0.21715417504310608,0.22135105729103088,0.1707676649093628,0.25594452023506165,0.2587226331233978,0.24845723807811737,0.22871553897857666,0.15889744460582733,0.1541663408279419,0.15410225093364716,0.13223595917224884,0.14642652869224548,0.16362819075584412,0.15601469576358795,0.13933101296424866,0.13296693563461304,0.13541927933692932,0.15018227696418762,0.12480738013982773,0.130740225315094,0.11151541769504547,0.1453004628419876,0.1592344045639038,0.1714351624250412,0.17706649005413055,0.17028963565826416,0.15517470240592957,0.1386491060256958,0.154140442609787,0.14549387991428375
2,0.19684697687625885,0.1884363293647766,0.21250250935554504,0.16988366842269897,0.1609213650226593,0.19857895374298096,0.15555740892887115,0.226254403591156,0.24511098861694336,0.2637099623680115,0.1989559680223465,0.196039080619812,0.24449199438095093,0.2477220594882965,0.23596328496932983,0.2666838765144348,0.24161174893379211,0.16742710769176483,0.18333911895751953,0.17119814455509186,0.1493837535381317,0.18189659714698792,0.19291970133781433,0.1958457976579666,0.19620457291603088,0.17966841161251068,0.21047399938106537,0.20081502199172974,0.1531122624874115,0.17079508304595947,0.17707133293151855,0.1725352257490158,0.13313286006450653,0.1265382468700409,0.14421114325523376,0.1544506847858429,0.1333562284708023,0.15175171196460724,0.11321648955345154,0.1412365585565567,0.1541518270969391,0.1653011441230774,0.17167513072490692,0.17110145092010498,0.1521919220685959,0.15349605679512024,0.14744672179222107,0.14367903769016266
3,0.1981307417154312,0.18556363880634308,0.18209883570671082,0.15565362572669983,0.1388741284608841,0.211661696434021,0.11933740973472595,0.23880569636821747,0.24246910214424133,0.24891313910484314,0.1551302671432495,0.16105253994464874,0.2517601549625397,0.2554834187030792,0.18483991920948029,0.2627084255218506,0.24798549711704254,0.14692385494709015,0.21000884473323822,0.2052665799856186,0.13960283994674683,0.2265918254852295,0.23024804890155792,0.22472408413887024,0.21208441257476807,0.16008859872817993,0.19585542380809784,0.16286906599998474,0.1258179098367691,0.1537783443927765,0.17288167774677277,0.1676020622253418,0.13957573473453522,0.12670505046844482,0.15350084006786346,0.1644183099269867,0.14569921791553497,0.15693819522857666,0.11634107679128647,0.16994169354438782,0.1861165314912796,0.20080937445163727,0.2083379328250885,0.20252320170402527,0.1570575088262558,0.1537395715713501,0.15959414839744568,0.13154008984565735
4,0.20036952197551727,0.18562763929367065,0.1778867244720459,0.14887043833732605,0.13183622062206268,0.20325560867786407,0.11443904787302017,0.22397184371948242,0.22153598070144653,0.22589480876922607,0.14336523413658142,0.1520877629518509,0.252996027469635,0.26275503635406494,0.19580711424350739,0.27383023500442505,0.2562074661254883,0.1337871551513672,0.208144873380661,0.19791659712791443,0.1278253197669983,0.21167822182178497,0.2185089886188507,0.21869391202926636,0.21133409440517426,0.156366765499115,0.21009936928749084,0.16424833238124847,0.12089013308286667,0.1531534641981125,0.1721789389848709,0.16894254088401794,0.13369058072566986,0.12149547040462494,0.16073837876319885,0.16148433089256287,0.15562433004379272,0.1721600741147995,0.12246811389923096,0.18635042011737823,0.20435243844985962,0.21943111717700958,0.22559554874897003,0.21931983530521393,0.15970610082149506,0.16177473962306976,0.16389068961143494,0.1322927474975586
5,0.18746846914291382,0.18369068205356598,0.20308226346969604,0.14995011687278748,0.1384373903274536,0.17833979427814484,0.14193372428417206,0.19855770468711853,0.19645355641841888,0.19262821972370148,0.14814001321792603,0.14792823791503906,0.21121037006378174,0.2439844161272049,0.21341779828071594,0.27861863374710083,0.25073033571243286,0.14121265709400177,0.17690759897232056,0.16639024019241333,0.1392812728881836,0.17862431704998016,0.19164805114269257,0.20443013310432434,0.21620066463947296,0.20027123391628265,0.22323228418827057,0.21080894768238068,0.14669492840766907,0.1824338436126709,0.16361744701862335,0.16441379487514496,0.16480688750743866,0.1321224421262741,0.17559172213077545,0.1532820612192154,0.16236531734466553,0.15278483927249908,0.13377097249031067,0.19882243871688843,0.19956383109092712,0.19256839156150818,0.18368516862392426,0.18089401721954346,0.16300831735134125,0.187554270029068,0.17469234764575958,0.155452698469162
6,0.19571560621261597,0.1867615133523941,0.15897352993488312,0.14298595488071442,0.11996769905090332,0.19103524088859558,0.10254790633916855,0.2251695990562439,0.21793560683727264,0.21827168762683868,0.14057214558124542,0.15745298564434052,0.2599407732486725,0.27743256092071533,0.21035118401050568,0.28017520904541016,0.2548287808895111,0.13408717513084412,0.2045259326696396,0.19646605849266052,0.1309410184621811,0.21408385038375854,0.22581028938293457,0.23175403475761414,0.229927659034729,0.1463059037923813,0.2011488974094391,0.16373133659362793,0.11601490527391434,0.14718076586723328,0.17273852229118347,0.17047065496444702,0.12703931331634521,0.12272951751947403,0.16476549208164215,0.16215898096561432,0.16060037910938263,0.17216724157333374,0.1219266951084137,0.19559961557388306,0.20668618381023407,0.21455714106559753,0.21744179725646973,0.21475443243980408,0.16211600601673126,0.15793076157569885,0.16189689934253693,0.133378803730011
7,0.19453223049640656,0.18596188724040985,0.1852661520242691,0.14770075678825378,0.13558818399906158,0.17527420818805695,0.1351177841424942,0.20365096628665924,0.20333261787891388,0.19863472878932953,0.15958915650844574,0.1658383011817932,0.21309563517570496,0.2497667521238327,0.20060986280441284,0.2751002013683319,0.2417483925819397,0.15786635875701904,0.17694233357906342,0.1725545972585678,0.15904155373573303,0.1924012303352356,0.20805427432060242,0.22183430194854736,0.23285451531410217,0.20033113658428192,0.2103213667869568,0.21735627949237823,0.1508093923330307,0.18349386751651764,0.1606459617614746,0.1620909720659256,0.17008161544799805,0.14045670628547668,0.17578718066215515,0.16585087776184082,0.15859565138816833,0.1399361491203308,0.12922394275665283,0.18685653805732727,0.17950482666492462,0.16684980690479279,0.15893857181072235,0.16151458024978638,0.16050124168395996,0.17837513983249664,0.1671324074268341,0.15132908523082733
8,0.19797572493553162,0.18508872389793396,0.18191328644752502,0.14709872007369995,0.13643841445446014,0.1786302924156189,0.13423611223697662,0.20722170174121857,0.20601752400398254,0.20009693503379822,0.16525299847126007,0.17301517724990845,0.2125936895608902,0.25054624676704407,0.1900792121887207,0.2732117176055908,0.23802302777767181,0.16106855869293213,0.17689351737499237,0.17462097108364105,0.1648380011320114,0.19388791918754578,0.20900370180606842,0.22104209661483765,0.2295043021440506,0.20474344491958618,0.2162434458732605,0.22181221842765808,0.16033771634101868,0.18835924565792084,0.16014133393764496,0.16168545186519623,0.1735062301158905,0.14945822954177856,0.17356766760349274,0.17777416110038757,0.15510150790214539,0.13713395595550537,0.1281660795211792,0.179238423705101,0.16896234452724457,0.15508031845092773,0.14821825921535492,0.15229476988315582,0.15973837673664093,0.17633873224258423,0.16435454785823822,0.15065956115722656
9,0.19302578270435333,0.1811632513999939,0.1852901726961136,0.14662687480449677,0.13758331537246704,0.18398496508598328,0.13685674965381622,0.21296118199825287,0.20841379463672638,0.19961929321289062,0.16413311660289764,0.16988685727119446,0.2100614607334137,0.2497209757566452,0.18580593168735504,0.2750979959964752,0.23997654020786285,0.15713728964328766,0.17848023772239685,0.17575396597385406,0.1620078682899475,0.1907443404197693,0.20373237133026123,0.21343445777893066,0.22020800411701202,0.2069115936756134,0.2293039858341217,0.22416739165782928,0.1696757972240448,0.19414576888084412,0.16019026935100555,0.16192033886909485,0.17617018520832062,0.15515607595443726,0.1733628362417221,0.18045824766159058,0.15398293733596802,0.137659952044487,0.1305283010005951,0.17808376252651215,0.16691024601459503,0.15305306017398834,0.14671297371387482,0.15086281299591064,0.15878863632678986,0.17616552114486694,0.15948165953159332,0.1508438140153885
10,0.19167578220367432,0.1744171530008316,0.1611713021993637,0.1313086748123169,0.11539183557033539,0.21393051743507385,0.10501422733068466,0.26150956749916077,0.24777629971504211,0.23439541459083557,0.14196822047233582,0.1566438376903534,0.25240880250930786,0.27636122703552246,0.1804039180278778,0.2818228304386139,0.25311359763145447,0.1378898024559021,0.21029408276081085,0.20739397406578064,0.14020688831806183,0.21864444017410278,0.21844583749771118,0.21235857903957367,0.2053055465221405,0.16352827847003937,0.22376002371311188,0.17795103788375854,0.14115971326828003,0.16425219178199768,0.17517651617527008,0.17107252776622772,0.13072530925273895,0.14567962288856506,0.16356512904167175,0.18730811774730682,0.15141695737838745,0.15784020721912384,0.12875914573669434,0.1785106509923935,0.17890609800815582,0.1834576278924942,0.19160054624080658,0.19498895108699799,0.15885692834854126,0.14825156331062317,0.14369040727615356,0.13708630204200745
11,0.17560268938541412,0.1665051430463791,0.16082322597503662,0.134956955909729,0.11879599094390869,0.2269100695848465,0.10850699245929718,0.28324875235557556,0.26498478651046753,0.24486972391605377,0.1356021612882614,0.1465221345424652,0.25041472911834717,0.2711455821990967,0.18262553215026855,0.280103862285614,0.25949618220329285,0.132089301943779,0.2220308780670166,0.21708253026008606,0.1321144700050354,0.22393447160720825,0.2222975194454193,0.21695491671562195,0.21118448674678802,0.15325626730918884,0.21892161667346954,0.18353866040706635,0.1380058228969574,0.16640864312648773,0.16697029769420624,0.1613025665283203,0.12497512251138687,0.1378994733095169,0.16395112872123718,0.16963417828083038,0.15161779522895813,0.15324832499027252,0.1252480447292328,0.18721435964107513,0.1912676990032196,0.19491080939769745,0.19799566268920898,0.19577911496162415,0.14892052114009857,0.14147962629795074,0.13538381457328796,0.13650256395339966
12,0.15245932340621948,0.15678010880947113,0.18988318741321564,0.13796664774417877,0.13006581366062164,0.210602805018425,0.1401791125535965,0.2593032121658325,0.24716895818710327,0.22351084649562836,0.13842043280601501,0.13960662484169006,0.21252603828907013,0.24816784262657166,0.1899147480726242,0.2872036099433899,0.2643330693244934,0.13784193992614746,0.2049250453710556,0.198386088013649,0.142738476395607,0.2095787227153778,0.2164023518562317,0.22409659624099731,0.2343214601278305,0.18250204622745514,0.23284220695495605,0.23949894309043884,0.1656215488910675,0.2055077701807022,0.15286199748516083,0.15089434385299683,0.15747566521167755,0.14093410968780518,0.17435817420482635,0.150777667760849,0.15496057271957397,0.13178499042987823,0.11934470385313034,0.19559969007968903,0.18798351287841797,0.17070046067237854,0.1575792282819748,0.15560607612133026,0.13851776719093323,0.16341689229011536,0.136626735329628,0.141724094748497
13,0.141652911901474,0.14789289236068726,0.18101510405540466,0.1348036229610443,0.1277705878019333,0.20823009312152863,0.13537278771400452,0.2576253116130829,0.25064119696617126,0.23010815680027008,0.13966338336467743,0.1426536738872528,0.21623647212982178,0.24703074991703033,0.18405580520629883,0.28113505244255066,0.2597465515136719,0.13522028923034668,0.2070763111114502,0.20180490612983704,0.14118264615535736,0.21963635087013245,0.22892126441001892,0.23795828223228455,0.24854320287704468,0.18401432037353516,0.2320857048034668,0.24521955847740173,0.16563768684864044,0.20810078084468842,0.15311162173748016,0.15099363029003143,0.15225863456726074,0.14006307721138,0.17682890594005585,0.15961650013923645,0.15761102735996246,0.1355423778295517,0.11376965790987015,0.19146305322647095,0.18439604341983795,0.16715671122074127,0.1542583703994751,0.15230850875377655,0.13359595835208893,0.16460415720939636,0.1406729817390442,0.14140751957893372
14,0.14450429379940033,0.14376194775104523,0.17833247780799866,0.1329822540283203,0.1264791190624237,0.19999557733535767,0.12366850674152374,0.23915532231330872,0.24584941565990448,0.2511488199234009,0.15813887119293213,0.16693617403507233,0.2455376833677292,0.2535269558429718,0.22649025917053223,0.2680707573890686,0.25154438614845276,0.1326202005147934,0.19722393155097961,0.184669628739357,0.12208929657936096,0.19814062118530273,0.21446171402931213,0.22643528878688812,0.2337118238210678,0.16531124711036682,0.238890141248703,0.23236288130283356,0.16948598623275757,0.19143743813037872,0.1683330535888672,0.16553565859794617,0.12044887244701385,0.13252733647823334,0.1675824373960495,0.1834658533334732,0.1584479659795761,0.17644405364990234,0.11386605352163315,0.1664981245994568,0.17180988192558289,0.17224401235580444,0.1707068830728531,0.17251980304718018,0.13413873314857483,0.1564459502696991,0.13850288093090057,0.15056924521923065
15,0.14079418778419495,0.14462344348430634,0.16268925368785858,0.1309410035610199,0.12471236288547516,0.1837911307811737,0.1290799081325531,0.2163640260696411,0.21838027238845825,0.21387764811515808,0.1531306952238083,0.15629352629184723,0.21597492694854736,0.23974210023880005,0.17709338665008545,0.25967293977737427,0.23779204487800598,0.13327234983444214,0.18924371898174286,0.18569035828113556,0.140752911567688,0.21246005594730377,0.22692227363586426,0.23823527991771698,0.2496403008699417,0.21236789226531982,0.23666884005069733,0.2452200949192047,0.18208548426628113,0.21208256483078003,0.1528616100549698,0.1545269787311554,0.15617331862449646,0.1529098004102707,0.1813504844903946,0.18447646498680115,0.1658007651567459,0.1512872874736786,0.13008619844913483,0.18613030016422272,0.18000248074531555,0.16763052344322205,0.15891410410404205,0.15891127288341522,0.14607708156108856,0.17758359014987946,0.160424143075943,0.16078278422355652
16,0.15088047087192535,0.15514959394931793,0.16255098581314087,0.1384606510400772,0.13065050542354584,0.17100776731967926,0.1343836635351181,0.2005375623703003,0.20155644416809082,0.19812949001789093,0.15737366676330566,0.15685448050498962,0.21029621362686157,0.2374897301197052,0.1815982162952423,0.2572211027145386,0.23118281364440918,0.13421258330345154,0.1776595562696457,0.17359845340251923,0.14058034121990204,0.19780504703521729,0.21256354451179504,0.22487139701843262,0.23841100931167603,0.21955396234989166,0.231775164604187,0.2397037297487259,0.18542882800102234,0.20955879986286163,0.15175698697566986,0.15388177335262299,0.1586715281009674,0.1564163714647293,0.1775159388780594,0.1731591820716858,0.16301612555980682,0.15275585651397705,0.1457023322582245,0.195512592792511,0.1904815435409546,0.17744815349578857,0.16701555252075195,0.166334331035614,0.15711981058120728,0.1824352741241455,0.16712908446788788,0.1746801733970642
17,0.163063645362854,0.15254083275794983,0.13469240069389343,0.12675060331821442,0.1142599806189537,0.18063898384571075,0.10791956633329391,0.2263876050710678,0.23139861226081848,0.2364262193441391,0.14465023577213287,0.15123030543327332,0.26030975580215454,0.2772478461265564,0.1918068677186966,0.2702966630458832,0.24118632078170776,0.1226150393486023,0.20666436851024628,0.20159439742565155,0.12962129712104797,0.2236136645078659,0.23267680406570435,0.23180370032787323,0.22618401050567627,0.177249014377594,0.18700151145458221,0.17954383790493011,0.1489778310060501,0.16682511568069458,0.14709147810935974,0.14518821239471436,0.11191075295209885,0.13841848075389862,0.1601661592721939,0.15381883084774017,0.1498911827802658,0.15967361629009247,0.15944504737854004,0.1997796893119812,0.21784959733486176,0.22505192458629608,0.21986952424049377,0.20954100787639618,0.17074249684810638,0.15609106421470642,0.16242608428001404,0.16386276483535767
18,0.17204970121383667,0.17348353564739227,0.17416110634803772,0.1454511433839798,0.13488170504570007,0.17497506737709045,0.1440354287624359,0.20766018331050873,0.20359306037425995,0.19164147973060608,0.14732937514781952,0.14570684731006622,0.2030535191297531,0.24174347519874573,0.1948794722557068,0.26621395349502563,0.22864572703838348,0.1335654854774475,0.16677965223789215,0.16244220733642578,0.1364523023366928,0.18402883410453796,0.196470707654953,0.2081270068883896,0.22506289184093475,0.2017843872308731,0.21522119641304016,0.23883004486560822,0.1796368956565857,0.21430647373199463,0.15415289998054504,0.15595480799674988,0.16265515983104706,0.1534680426120758,0.16897086799144745,0.14380288124084473,0.14843173325061798,0.13708312809467316,0.1508617252111435,0.21062633395195007,0.2072126865386963,0.18785017728805542,0.1708543598651886,0.16753040254116058,0.16519314050674438,0.18117451667785645,0.16651704907417297,0.1801389902830124
19,0.17473416030406952,0.1731209009885788,0.18550685048103333,0.13994042575359344,0.12977345287799835,0.18923740088939667,0.14110976457595825,0.22172407805919647,0.21542857587337494,0.20014062523841858,0.13743798434734344,0.13851256668567657,0.20491710305213928,0.2434147596359253,0.19166019558906555,0.26352328062057495,0.22601759433746338,0.12939849495887756,0.16458897292613983,0.1602945774793625,0.13349378108978271,0.1813644915819168,0.1933145821094513,0.20548096299171448,0.222988560795784,0.1922464817762375,0.21574705839157104,0.24295541644096375,0.17786118388175964,0.22126051783561707,0.15620307624340057,0.15938341617584229,0.16436786949634552,0.15593448281288147,0.17126347124576569,0.1430789828300476,0.14745725691318512,0.13377244770526886,0.14338330924510956,0.20792566239833832,0.20379477739334106,0.18539215624332428,0.1697646677494049,0.16656973958015442,0.16626209020614624,0.1820041686296463,0.1677006334066391,0.17515216767787933
20,0.18369939923286438,0.16541364789009094,0.16766396164894104,0.12699073553085327,0.11304182559251785,0.21259796619415283,0.10509492456912994,0.2567516267299652,0.24918371438980103,0.23588338494300842,0.12435848265886307,0.13662602007389069,0.24583220481872559,0.26188939809799194,0.18548354506492615,0.2515107989311218,0.22643673419952393,0.11604069173336029,0.1897125542163849,0.1867692768573761,0.11544844508171082,0.20151738822460175,0.20559215545654297,0.20897185802459717,0.21146857738494873,0.16267666220664978,0.20435717701911926,0.1834229975938797,0.14430202543735504,0.175455242395401,0.16661132872104645,0.16933420300483704,0.1238817423582077,0.14981989562511444,0.16201873123645782,0.15262332558631897,0.14765773713588715,0.15141353011131287,0.13531595468521118,0.20549073815345764,0.2162630259990692,0.21920880675315857,0.21782788634300232,0.21506863832473755,0.1717674732208252,0.1619659662246704,0.17242175340652466,0.1597907692193985
21,0.17663930356502533,0.1700165718793869,0.20749978721141815,0.12685689330101013,0.11597820371389389,0.18881456553936005,0.12445825338363647,0.21801291406154633,0.2143843024969101,0.20174115896224976,0.12776456773281097,0.12992918491363525,0.1940690577030182,0.2228051722049713,0.18359369039535522,0.23559285700321198,0.2068558931350708,0.12041311711072922,0.15506084263324738,0.14909201860427856,0.12086093425750732,0.16197890043258667,0.1708148866891861,0.1841127723455429,0.20431596040725708,0.192459374666214,0.2422400861978531,0.23971199989318848,0.18162457644939423,0.22026222944259644,0.17137883603572845,0.18050624430179596,0.17358388006687164,0.17775559425354004,0.1855945587158203,0.17800717055797577,0.1598634570837021,0.15630313754081726,0.14413169026374817,0.2069362848997116,0.20050287246704102,0.18616381287574768,0.17791061103343964,0.18100401759147644,0.183617502450943,0.20599016547203064,0.191522017121315,0.17819757759571075
22,0.17779433727264404,0.17352494597434998,0.20806477963924408,0.12581366300582886,0.11236288398504257,0.17239618301391602,0.11842455714941025,0.2040117233991623,0.2011490762233734,0.18965502083301544,0.1297561228275299,0.13030906021595,0.18286103010177612,0.2101781964302063,0.18738694489002228,0.22811992466449738,0.20034708082675934,0.1186445876955986,0.15008671581745148,0.14381955564022064,0.11916488409042358,0.1530425250530243,0.15969416499137878,0.17188610136508942,0.19255907833576202,0.19726860523223877,0.2532195746898651,0.2313551902770996,0.18361321091651917,0.2093876749277115,0.1784256547689438,0.1902359127998352,0.1750418245792389,0.1853531002998352,0.19117629528045654,0.1887497752904892,0.16542090475559235,0.1696602702140808,0.15161949396133423,0.2151971459388733,0.2095988243818283,0.19500720500946045,0.1882297247648239,0.19506628811359406,0.19301192462444305,0.21290446817874908,0.2041836380958557,0.1878732591867447
23,0.17311429977416992,0.17345456779003143,0.20279960334300995,0.12572483718395233,0.10953447967767715,0.16026213765144348,0.11465895920991898,0.20198071002960205,0.1972694993019104,0.18165406584739685,0.1349116861820221,0.1340322345495224,0.17559486627578735,0.20570939779281616,0.1970340758562088,0.23158979415893555,0.20164164900779724,0.11775116622447968,0.14982259273529053,0.14441151916980743,0.12507250905036926,0.15136194229125977,0.1557532101869583,0.165545254945755,0.18484926223754883,0.19833341240882874,0.2548389732837677,0.22623781859874725,0.18679691851139069,0.1973450481891632,0.1776627153158188,0.18957175314426422,0.17418013513088226,0.18657490611076355,0.19110248982906342,0.1863297075033188,0.16417613625526428,0.1738416701555252,0.15775620937347412,0.22519737482070923,0.22185201942920685,0.2038871794939041,0.19349104166030884,0.20020610094070435,0.1995658576488495,0.2122827023267746,0.20658811926841736,0.19416648149490356
24,0.1629122495651245,0.16674131155014038,0.19908307492733002,0.1243123859167099,0.10651591420173645,0.15804949402809143,0.11198344081640244,0.21183694899082184,0.20723935961723328,0.1864175647497177,0.1378033608198166,0.13640010356903076,0.17505833506584167,0.20983752608299255,0.20744073390960693,0.2446606159210205,0.21142801642417908,0.11872654408216476,0.15653134882450104,0.1527673751115799,0.1350647360086441,0.15908238291740417,0.16038928925991058,0.16652195155620575,0.18348754942417145,0.194036066532135,0.24969333410263062,0.2303924560546875,0.19068771600723267,0.19328628480434418,0.171759694814682,0.18199732899665833,0.1722959280014038,0.1822560727596283,0.1882745623588562,0.17810150980949402,0.15868954360485077,0.1672135591506958,0.15695935487747192,0.22789394855499268,0.22635005414485931,0.20415587723255157,0.18782654404640198,0.1912461370229721,0.20145362615585327,0.20821446180343628,0.201155424118042,0.19093556702136993
25,0.1607108861207962,0.15112344920635223,0.1738521009683609,0.10554943233728409,0.08739195764064789,0.18996413052082062,0.0871959999203682,0.26036128401756287,0.25476914644241333,0.23342183232307434,0.11515369266271591,0.11856992542743683,0.22487708926200867,0.25070720911026,0.19538410007953644,0.2435852438211441,0.2185366153717041,0.12019482254981995,0.19114956259727478,0.1923704743385315,0.13733825087547302,0.20157139003276825,0.1945713460445404,0.18584710359573364,0.18489085137844086,0.15905539691448212,0.20013439655303955,0.19669978320598602,0.16569174826145172,0.16735239326953888,0.16795390844345093,0.17402999103069305,0.13042959570884705,0.16707047820091248,0.17061156034469604,0.17181852459907532,0.15365003049373627,0.17131784558296204,0.14951619505882263,0.20954066514968872,0.22182492911815643,0.2245812863111496,0.22131527960300446,0.21706677973270416,0.2033988982439041,0.17284756898880005,0.19670863449573517,0.17644381523132324
26,0.15550333261489868,0.1544295996427536,0.22432589530944824,0.11993855237960815,0.1039186343550682,0.17147041857242584,0.10109355300664902,0.21338945627212524,0.22143951058387756,0.2197558879852295,0.13743582367897034,0.1382480263710022,0.21206523478031158,0.24518054723739624,0.255337655544281,0.27876269817352295,0.23778018355369568,0.11920072883367538,0.17441877722740173,0.16398967802524567,0.1180911436676979,0.1649056375026703,0.16618989408016205,0.16935376822948456,0.18171551823616028,0.1654432862997055,0.2573002874851227,0.23731377720832825,0.18713806569576263,0.19536542892456055,0.18767455220222473,0.19012869894504547,0.13053151965141296,0.15060365200042725,0.1642662137746811,0.18936088681221008,0.14698348939418793,0.18580244481563568,0.1423519402742386,0.1863875538110733,0.1937282681465149,0.18832802772521973,0.18293510377407074,0.1873074620962143,0.1872788965702057,0.1867285519838333,0.18521013855934143,0.17193256318569183
27,0.14631953835487366,0.1471322476863861,0.20917171239852905,0.11816435307264328,0.10490228980779648,0.17327924072742462,0.10333295911550522,0.20808947086334229,0.21349410712718964,0.20634524524211884,0.12258577346801758,0.12537138164043427,0.2032887488603592,0.24626296758651733,0.2029482126235962,0.30118224024772644,0.25871193408966064,0.11860314756631851,0.17975318431854248,0.16958720982074738,0.12527793645858765,0.17626924812793732,0.17731979489326477,0.18119734525680542,0.19702501595020294,0.1841004192829132,0.25122183561325073,0.2666392922401428,0.18347229063510895,0.2248782515525818,0.16745536029338837,0.17161189019680023,0.1553886979818344,0.15324407815933228,0.18237373232841492,0.18559271097183228,0.16395466029644012,0.160385400056839,0.13303454220294952,0.2090177983045578,0.2021581530570984,0.18164846301078796,0.16814576089382172,0.17111913859844208,0.18213215470314026,0.2109038084745407,0.19058898091316223,0.15799957513809204
28,0.15440358221530914,0.14765256643295288,0.19736766815185547,0.1199660450220108,0.10948877781629562,0.18369032442569733,0.10043008625507355,0.2161424607038498,0.21163396537303925,0.20854616165161133,0.12142857164144516,0.1337791532278061,0.24871431291103363,0.28809690475463867,0.20920124650001526,0.32138797640800476,0.27516528964042664,0.11659971624612808,0.19076141715049744,0.17346087098121643,0.11332088708877563,0.16323961317539215,0.16377964615821838,0.16836193203926086,0.18202848732471466,0.1758878529071808,0.2634201645851135,0.22192461788654327,0.15456701815128326,0.1856301724910736,0.18328964710235596,0.18616920709609985,0.1355978548526764,0.12899832427501678,0.15652160346508026,0.22394274175167084,0.1629272699356079,0.2045232206583023,0.14390338957309723,0.19060003757476807,0.18279746174812317,0.17524944245815277,0.17559212446212769,0.18498216569423676,0.17900004982948303,0.2133970409631729,0.19138085842132568,0.1386134773492813
29,0.15519961714744568,0.14701394736766815,0.2088659107685089,0.11420957744121552,0.10504581779241562,0.17677968740463257,0.10345204174518585,0.20175009965896606,0.19583123922348022,0.19032253324985504,0.1083172932267189,0.11530962586402893,0.22692975401878357,0.2737793028354645,0.21399757266044617,0.3325257897377014,0.2881947159767151,0.10883627086877823,0.18159446120262146,0.15851479768753052,0.10285819321870804,0.15955550968647003,0.16734172403812408,0.17983180284500122,0.20106244087219238,0.1765231192111969,0.25977975130081177,0.24780702590942383,0.17105111479759216,0.20961013436317444,0.1712961047887802,0.1774679571390152,0.1423306167125702,0.14003148674964905,0.17214718461036682,0.17756423354148865,0.17086343467235565,0.18170298635959625,0.13956335186958313,0.20796836912631989,0.20463211834430695,0.19465622305870056,0.18979232013225555,0.19620367884635925,0.182364359498024,0.2108539193868637,0.18223987519741058,0.15437789261341095
30,0.15977993607521057,0.1431000530719757,0.20996613800525665,0.1109408587217331,0.10532879829406738,0.18301181495189667,0.10689666867256165,0.20769651234149933,0.20248016715049744,0.20733079314231873,0.12708628177642822,0.13580401241779327,0.25123876333236694,0.2853141129016876,0.2615949809551239,0.33378881216049194,0.28237485885620117,0.11163106560707092,0.17816564440727234,0.15040679275989532,0.09432350099086761,0.14631585776805878,0.15790428221225739,0.17293623089790344,0.19193311035633087,0.1531628966331482,0.2656005322933197,0.21521644294261932,0.16482588648796082,0.17735661566257477,0.19217100739479065,0.1977851539850235,0.11533358693122864,0.1279686540365219,0.14925828576087952,0.17433476448059082,0.15221285820007324,0.21317212283611298,0.14039424061775208,0.18057864904403687,0.1910131275653839,0.19870194792747498,0.20538625121116638,0.2132444530725479,0.1797848641872406,0.18372930586338043,0.16584715247154236,0.16118957102298737
31,0.15107479691505432,0.13878315687179565,0.20020201802253723,0.10855650901794434,0.10315386950969696,0.18472887575626373,0.110218845307827,0.21947447955608368,0.2138713300228119,0.2165861576795578,0.13579906523227692,0.14598460495471954,0.2563750445842743,0.2875010073184967,0.2711082398891449,0.32535767555236816,0.2737211585044861,0.11843205243349075,0.17760516703128815,0.1532730609178543,0.10313260555267334,0.1497041881084442,0.1628911942243576,0.18003852665424347,0.19918234646320343,0.1557309329509735,0.25245776772499084,0.2106747180223465,0.1642955243587494,0.17010296881198883,0.19380319118499756,0.1980699598789215,0.11692570894956589,0.13017502427101135,0.143151193857193,0.17057302594184875,0.1462407410144806,0.20429930090904236,0.1374582201242447,0.16959477961063385,0.1777559518814087,0.18603400886058807,0.19460128247737885,0.20342831313610077,0.18365375697612762,0.18141363561153412,0.1691778004169464,0.16739818453788757
32,0.14821337163448334,0.14033672213554382,0.1901668757200241,0.11475296318531036,0.1050620749592781,0.21392367780208588,0.10478319972753525,0.2543773651123047,0.2479948103427887,0.24202200770378113,0.13475118577480316,0.14480721950531006,0.2670641243457794,0.294333279132843,0.22830121219158173,0.30598968267440796,0.26157346367836,0.12254021316766739,0.18908333778381348,0.17323966324329376,0.11462724953889847,0.1852165013551712,0.20095643401145935,0.21617905795574188,0.2280043065547943,0.15638074278831482,0.2252131998538971,0.2075871378183365,0.14677715301513672,0.17649590969085693,0.17944951355457306,0.17837686836719513,0.10899370908737183,0.12902647256851196,0.15294060111045837,0.17044362425804138,0.15757884085178375,0.1860835999250412,0.1209757924079895,0.18221884965896606,0.18379321694374084,0.1804812103509903,0.17700283229351044,0.1772962212562561,0.15090370178222656,0.16466264426708221,0.15165209770202637,0.1540353000164032
33,0.14828291535377502,0.14433565735816956,0.1763666719198227,0.11511367559432983,0.10622044652700424,0.19028271734714508,0.11173129081726074,0.24962320923805237,0.24000540375709534,0.23074857890605927,0.14920347929000854,0.16666428744792938,0.264095664024353,0.2894366681575775,0.22825554013252258,0.304106742143631,0.2588314116001129,0.13341590762138367,0.1777946949005127,0.16246746480464935,0.13540437817573547,0.15644924342632294,0.16447362303733826,0.17759573459625244,0.19369737803936005,0.17575588822364807,0.23667865991592407,0.19874881207942963,0.1524139791727066,0.15868066251277924,0.19222179055213928,0.1913977414369583,0.14122624695301056,0.13523265719413757,0.1306656450033188,0.21958987414836884,0.1400841325521469,0.20053556561470032,0.14601558446884155,0.1537347286939621,0.14644324779510498,0.14579950273036957,0.15459971129894257,0.1683134287595749,0.19499169290065765,0.2052922546863556,0.20030605792999268,0.1572267711162567
34,0.14718258380889893,0.14526250958442688,0.18747995793819427,0.11953802406787872,0.11229309439659119,0.18266552686691284,0.11949606984853745,0.22599108517169952,0.22369179129600525,0.2142634242773056,0.14330632984638214,0.15082624554634094,0.22622860968112946,0.2668914496898651,0.22948864102363586,0.30526143312454224,0.25093817710876465,0.13119721412658691,0.1619216799736023,0.14904482662677765,0.1333654373884201,0.15350791811943054,0.16513071954250336,0.17856205999851227,0.19562751054763794,0.19948220252990723,0.26113080978393555,0.23115819692611694,0.17802317440509796,0.1886896938085556,0.17740678787231445,0.18306748569011688,0.16095677018165588,0.1562606245279312,0.14759007096290588,0.1855558156967163,0.140581876039505,0.17613258957862854,0.14676553010940552,0.16580848395824432,0.16086438298225403,0.15420669317245483,0.15499162673950195,0.16391082108020782,0.20122236013412476,0.21352040767669678,0.18605010211467743,0.1780734658241272
35,0.15586329996585846,0.15388327836990356,0.22176703810691833,0.1195431649684906,0.10791788250207901,0.18504059314727783,0.11303745955228806,0.22139298915863037,0.21910718083381653,0.2089368849992752,0.12724235653877258,0.1308128535747528,0.2155958116054535,0.24787452816963196,0.23823308944702148,0.2780146896839142,0.2380690574645996,0.1309409737586975,0.17332212626934052,0.15508083999156952,0.11281302571296692,0.14877241849899292,0.15281318128108978,0.16299353539943695,0.1788371056318283,0.1681380569934845,0.2541263997554779,0.2156173437833786,0.1803571730852127,0.1697731763124466,0.1897556185722351,0.188559889793396,0.14454758167266846,0.16156360507011414,0.15581221878528595,0.17222119867801666,0.1472337394952774,0.1974073350429535,0.15317755937576294,0.1845703125,0.19152139127254486,0.19157513976097107,0.19282877445220947,0.19737450778484344,0.20242434740066528,0.19474320113658905,0.1799589991569519,0.18070262670516968
36,0.1377757340669632,0.14065000414848328,0.20534898340702057,0.11709906905889511,0.10780280083417892,0.1841544806957245,0.11532643437385559,0.22263839840888977,0.2110387086868286,0.19330690801143646,0.11876879632472992,0.12166424095630646,0.2013503760099411,0.25310319662094116,0.24644961953163147,0.3187662959098816,0.25961562991142273,0.11190903931856155,0.158716082572937,0.1426197588443756,0.10901442915201187,0.14678655564785004,0.15719984471797943,0.16933709383010864,0.18815317749977112,0.18887317180633545,0.28463229537010193,0.2415267378091812,0.17303301393985748,0.19867713749408722,0.16709521412849426,0.1698579639196396,0.15321020781993866,0.1451365202665329,0.1593669205904007,0.17031513154506683,0.15235859155654907,0.18600894510746002,0.15171951055526733,0.20802591741085052,0.2053455263376236,0.19036270678043365,0.17855602502822876,0.1788673996925354,0.1869802623987198,0.23249955475330353,0.18823720514774323,0.1799709051847458
37,0.13968321681022644,0.13917188346385956,0.21531812846660614,0.11454836279153824,0.10521302372217178,0.1876801997423172,0.11064379662275314,0.21711941063404083,0.21001119911670685,0.2053903341293335,0.12390899658203125,0.12505905330181122,0.21002286672592163,0.25222742557525635,0.2805781662464142,0.31501856446266174,0.25774383544921875,0.10747672617435455,0.16071034967899323,0.13970719277858734,0.09332870692014694,0.13927291333675385,0.15263152122497559,0.16700348258018494,0.1854158490896225,0.1603928506374359,0.2737422287464142,0.2271611988544464,0.165024995803833,0.1824810653924942,0.18016226589679718,0.1801237016916275,0.12684902548789978,0.13291174173355103,0.15181708335876465,0.17526566982269287,0.15456916391849518,0.22278361022472382,0.14641910791397095,0.1990758329629898,0.2078022062778473,0.2071087807416916,0.20144842565059662,0.20004384219646454,0.1765390783548355,0.21698759496212006,0.17437347769737244,0.17885929346084595
38,0.1351829171180725,0.1343088150024414,0.17782220244407654,0.10197345167398453,0.08755432069301605,0.21122704446315765,0.08414241671562195,0.25444844365119934,0.23361024260520935,0.2129967212677002,0.0946989357471466,0.10014443844556808,0.21976548433303833,0.2617168724536896,0.22336189448833466,0.29990559816360474,0.25743716955184937,0.09718302637338638,0.1834447979927063,0.16395847499370575,0.0931209996342659,0.17111089825630188,0.18180225789546967,0.19407473504543304,0.2082352340221405,0.1455967128276825,0.23153938353061676,0.20283089578151703,0.14176765084266663,0.16656547784805298,0.16410145163536072,0.1622515469789505,0.11632333695888519,0.13594241440296173,0.16053736209869385,0.18444953858852386,0.16600222885608673,0.20775893330574036,0.1460343301296234,0.23189225792884827,0.24432916939258575,0.24238820374011993,0.23150011897087097,0.221089169383049,0.17692837119102478,0.21385741233825684,0.1880650520324707,0.1689721792936325
39,0.12408208101987839,0.12328656762838364,0.21162515878677368,0.10258985310792923,0.09534385800361633,0.18063656985759735,0.10223041474819183,0.21264971792697906,0.20402249693870544,0.19165882468223572,0.10932014137506485,0.1133914589881897,0.19657909870147705,0.24581502377986908,0.2128964215517044,0.30352696776390076,0.25420886278152466,0.10009221732616425,0.15757346153259277,0.14274586737155914,0.10011591762304306,0.15605595707893372,0.17110395431518555,0.18948930501937866,0.21600361168384552,0.1855599582195282,0.2764778435230255,0.2629885673522949,0.17216436564922333,0.20823872089385986,0.16287390887737274,0.16579844057559967,0.1529446244239807,0.14561864733695984,0.1769683063030243,0.19536660611629486,0.17525598406791687,0.19454766809940338,0.14355802536010742,0.223405122756958,0.21615640819072723,0.1958024501800537,0.18006104230880737,0.1798858493566513,0.17220301926136017,0.2556828558444977,0.1998855471611023,0.1741633266210556
40,0.1291799694299698,0.12566374242305756,0.20576854050159454,0.1058800145983696,0.09903222322463989,0.17512670159339905,0.10264094918966293,0.20421983301639557,0.1944543868303299,0.18661311268806458,0.11936209350824356,0.12286853790283203,0.19810983538627625,0.2457399070262909,0.19940412044525146,0.2996395230293274,0.24885734915733337,0.10310888290405273,0.1533728390932083,0.13917559385299683,0.10454111546278,0.15241800248622894,0.16879820823669434,0.18858417868614197,0.21612784266471863,0.1955074965953827,0.2708374857902527,0.2565302550792694,0.1773204803466797,0.20454049110412598,0.16591455042362213,0.17043912410736084,0.15942034125328064,0.155472069978714,0.17665793001651764,0.20884545147418976,0.17728173732757568,0.19574269652366638,0.1532144844532013,0.2151830643415451,0.20694562792778015,0.1900208294391632,0.17871667444705963,0.1809828281402588,0.1779729574918747,0.2519529163837433,0.1994248628616333,0.1779850572347641
41,0.13914045691490173,0.13421599566936493,0.19958344101905823,0.11408783495426178,0.10642988234758377,0.17365853488445282,0.10759110748767853,0.20653772354125977,0.19180282950401306,0.18293194472789764,0.12950852513313293,0.13083462417125702,0.19988328218460083,0.2489580512046814,0.19515830278396606,0.3035115599632263,0.2479349821805954,0.10731150209903717,0.1513577401638031,0.13739728927612305,0.11081898957490921,0.14891454577445984,0.16522854566574097,0.18449681997299194,0.21109530329704285,0.20200276374816895,0.25799933075904846,0.2448325753211975,0.17999693751335144,0.1963164359331131,0.16346485912799835,0.1674710512161255,0.16219812631607056,0.15978120267391205,0.17131325602531433,0.2013678401708603,0.17219947278499603,0.18919479846954346,0.1645757257938385,0.2108989953994751,0.2040078192949295,0.19033975899219513,0.18220272660255432,0.1851731538772583,0.1861635446548462,0.24175573885440826,0.19276063144207,0.18204346299171448
42,0.14961515367031097,0.1435679942369461,0.19359545409679413,0.12089598923921585,0.11210665106773376,0.1820094734430313,0.11530031263828278,0.22248050570487976,0.20175254344940186,0.18703436851501465,0.13475343585014343,0.13472144305706024,0.2032158523797989,0.2542121708393097,0.1983172744512558,0.31088975071907043,0.25160908699035645,0.11243228614330292,0.15510986745357513,0.14122436940670013,0.11603493988513947,0.1509031057357788,0.1658463478088379,0.1831686794757843,0.20774710178375244,0.19948549568653107,0.24131962656974792,0.23706260323524475,0.17859719693660736,0.18947002291679382,0.15617065131664276,0.15806512534618378,0.16002602875232697,0.1557837873697281,0.1629970371723175,0.17958776652812958,0.1618119329214096,0.1737785041332245,0.16702522337436676,0.20987215638160706,0.20515261590480804,0.19272461533546448,0.1855066865682602,0.18774199485778809,0.19264918565750122,0.22904306650161743,0.1808866560459137,0.18136057257652283
43,0.15350854396820068,0.1479514092206955,0.1914481371641159,0.12312456965446472,0.11380186676979065,0.2010398507118225,0.12264294922351837,0.24490021169185638,0.22061540186405182,0.19951844215393066,0.13344436883926392,0.13413837552070618,0.2089867740869522,0.2597208321094513,0.20246835052967072,0.31555792689323425,0.2580288350582123,0.11692838370800018,0.16392743587493896,0.14995042979717255,0.11844804883003235,0.1581946462392807,0.1716114580631256,0.18754781782627106,0.21042373776435852,0.1883690357208252,0.22686921060085297,0.2375277578830719,0.17267775535583496,0.1884886771440506,0.1488095074892044,0.14951343834400177,0.1552567183971405,0.14788201451301575,0.1569061279296875,0.1588347852230072,0.15248839557170868,0.15651272237300873,0.15520617365837097,0.20859578251838684,0.20469734072685242,0.1920550912618637,0.18489693105220795,0.1864469200372696,0.1925942450761795,0.21679966151714325,0.16973569989204407,0.1753857135772705
44,0.1623629778623581,0.1482839435338974,0.1668025404214859,0.11136242747306824,0.09912724792957306,0.24983179569244385,0.10091208666563034,0.2902456820011139,0.25679758191108704,0.23168271780014038,0.11622168868780136,0.11885682493448257,0.23206216096878052,0.2652578353881836,0.197870671749115,0.2861531674861908,0.24975323677062988,0.12102939188480377,0.18814359605312347,0.1727663278579712,0.11407964676618576,0.18146610260009766,0.19092926383018494,0.20183037221431732,0.21378470957279205,0.14622221887111664,0.18792647123336792,0.19511102139949799,0.14102649688720703,0.16365942358970642,0.15003949403762817,0.14777684211730957,0.1306249052286148,0.1406283974647522,0.14693528413772583,0.1545320451259613,0.14670033752918243,0.15968258678913116,0.14217659831047058,0.21077443659305573,0.21942855417728424,0.22434288263320923,0.2264542132616043,0.22090654075145721,0.19322365522384644,0.18220384418964386,0.16913951933383942,0.17453204095363617
45,0.1743125319480896,0.17440083622932434,0.19863472878932953,0.15081290900707245,0.13928483426570892,0.2609993517398834,0.13512736558914185,0.26792460680007935,0.24748757481575012,0.23114752769470215,0.13420291244983673,0.13318558037281036,0.20834487676620483,0.2234644591808319,0.20749591290950775,0.2542983293533325,0.23633477091789246,0.12518668174743652,0.17771773040294647,0.16027118265628815,0.11641154438257217,0.16471609473228455,0.17419452965259552,0.18327544629573822,0.19284237921237946,0.15515106916427612,0.20164357125759125,0.2014370560646057,0.16415023803710938,0.1681501269340515,0.15731605887413025,0.1517079919576645,0.13220632076263428,0.15054883062839508,0.15361039340496063,0.1400499939918518,0.1584821194410324,0.17256836593151093,0.1301402896642685,0.2042655497789383,0.20553655922412872,0.20190131664276123,0.1988530457019806,0.1939004808664322,0.16423408687114716,0.17981065809726715,0.1829158216714859,0.1882949024438858
46,0.1654970943927765,0.15807431936264038,0.20983757078647614,0.12857471406459808,0.11551304161548615,0.26172810792922974,0.10246911644935608,0.2804735004901886,0.2643669843673706,0.2585824728012085,0.12603189051151276,0.129139244556427,0.24356085062026978,0.262846440076828,0.20572417974472046,0.31020742654800415,0.2853757441043854,0.10216981917619705,0.18754257261753082,0.15835773944854736,0.08986061811447144,0.1651645004749298,0.18229298293590546,0.19738298654556274,0.20699971914291382,0.12114360183477402,0.19279687106609344,0.19769759476184845,0.11947178840637207,0.17156724631786346,0.15582424402236938,0.1529523730278015,0.13344842195510864,0.11216120421886444,0.16323307156562805,0.178787499666214,0.16592705249786377,0.18275825679302216,0.11509011685848236,0.20622815191745758,0.2207891345024109,0.22361023724079132,0.21981585025787354,0.21356011927127838,0.15652699768543243,0.18642877042293549,0.16828882694244385,0.14453484117984772
47,0.15725158154964447,0.14803160727024078,0.1853521168231964,0.11712523549795151,0.10847917944192886,0.22482769191265106,0.10707389563322067,0.2418232560157776,0.21055762469768524,0.19966252148151398,0.12326018512248993,0.13303948938846588,0.2289751172065735,0.2549333870410919,0.20333658158779144,0.2746363878250122,0.2466624677181244,0.10907065868377686,0.1773628294467926,0.15993206202983856,0.10648553818464279,0.15636859834194183,0.16618198156356812,0.18350088596343994,0.20567771792411804,0.16751115024089813,0.24194088578224182,0.20646686851978302,0.1446441113948822,0.16631267964839935,0.1650165170431137,0.16813541948795319,0.13597284257411957,0.12222227454185486,0.15228649973869324,0.21329377591609955,0.16937676072120667,0.2191002368927002,0.14436045289039612,0.20469370484352112,0.1993769258260727,0.1956673562526703,0.2007775902748108,0.21311582624912262,0.19367417693138123,0.22744929790496826,0.1980293095111847,0.15775252878665924
sum,7.839294910430908,7.58306360244751,9.04114818572998,6.174475193023682,5.6293559074401855,9.324846267700195,5.608128547668457,11.105419158935547,10.811262130737305,10.409317016601562,6.618105411529541,6.842633247375488,10.768835067749023,12.199454307556152,9.948152542114258,13.505054473876953,11.83703327178955,6.098836898803711,8.688769340515137,8.181922912597656,6.0541768074035645,8.690059661865234,9.131950378417969,9.557868003845215,10.078545570373535,8.496991157531738,11.05518627166748,10.367217063903809,7.7307562828063965,8.848795890808105,8.049395561218262,8.10295295715332,6.9519877433776855,6.96396017074585,7.871825218200684,8.353775978088379,7.453099727630615,8.136168479919434,6.617473602294922,9.298196792602539,9.369633674621582,9.122346878051758,8.929729461669922,8.961758613586426,8.276660919189453,9.055996894836426,8.314322471618652,7.806882858276367
posi,1.0,2.0,3.0,4.0,5.0,6.0,7.0,8.0,9.0,10.0,11.0,12.0,13.0,14.0,15.0,16.0,17.0,18.0,19.0,20.0,21.0,22.0,23.0,24.0,25.0,26.0,27.0,28.0,29.0,30.0,31.0,32.0,33.0,34.0,35.0,36.0,37.0,38.0,39.0,40.0,41.0,42.0,43.0,44.0,45.0,46.0,47.0,48.0
contrib,0.018850674952647292,0.018234531134271516,0.021740698314734585,0.014847384388103816,0.01353656924715526,0.022422889811420613,0.013485525108143815,0.026704524982143898,0.025997183494553787,0.025030650562453505,0.01591415495149957,0.016454063361594155,0.025895161720564473,0.0293352846625811,0.023921716441771122,0.032474781853927714,0.028463792874187283,0.014665501589382192,0.02089335437025615,0.01967457163880542,0.014558110187992319,0.020896457127408813,0.021959044816416945,0.02298322298617164,0.024235264614137542,0.020432197055505936,0.026583733017988633,0.024929415370654406,0.018589678726260446,0.02127816046797705,0.019355891189641032,0.01948467739728053,0.01671702145697147,0.016745810823781886,0.018928898602208134,0.020087816237228565,0.017922014921046777,0.019564548741604255,0.01591263567831876,0.022358807441964636,0.022530587360689185,0.021935951864068617,0.021472776495885776,0.021549795046493382,0.019902382352438283,0.021776404101036817,0.019992944793469844,0.018772735665161053
