,S,P,V,P,E,D,D,R,G,D,N,F,V,R,L
0,0.2849273979663849,0.20444831252098083,0.17192499339580536,0.1708642840385437,0.23761776089668274,0.21419139206409454,0.23870590329170227,0.18200592696666718,0.4503183364868164,0.334050714969635,0.2801901400089264,0.38174840807914734,0.20818063616752625,0.21426086127758026,0.2313399612903595
1,0.23125864565372467,0.29822438955307007,0.20067140460014343,0.28109508752822876,0.3265300691127777,0.2435033768415451,0.26438695192337036,0.23615048825740814,0.6173977851867676,0.35446327924728394,0.3804963231086731,0.4603859782218933,0.21366849541664124,0.2559237480163574,0.23286616802215576
2,0.37410449981689453,0.25583699345588684,0.19492420554161072,0.2106122523546219,0.21949832141399384,0.18888740241527557,0.2064152956008911,0.17433638870716095,0.4438897669315338,0.2692132890224457,0.22191651165485382,0.3122698664665222,0.1799536943435669,0.17581172287464142,0.20931798219680786
3,0.260610431432724,0.2962650656700134,0.21975120902061462,0.2779524326324463,0.336525022983551,0.2503974735736847,0.2605133056640625,0.20707130432128906,0.5206500291824341,0.338428258895874,0.34806743264198303,0.40475529432296753,0.21588797867298126,0.24713537096977234,0.23330973088741302
4,0.3176466226577759,0.26862967014312744,0.23605026304721832,0.21450795233249664,0.27216947078704834,0.22209179401397705,0.2298712134361267,0.1717289537191391,0.34271299839019775,0.26869693398475647,0.23452238738536835,0.2716515362262726,0.20972174406051636,0.1999170482158661,0.1993643343448639
5,0.29562631249427795,0.23527367413043976,0.19786585867404938,0.19788987934589386,0.240574449300766,0.21955110132694244,0.23604920506477356,0.18716979026794434,0.33004623651504517,0.29636141657829285,0.2894795536994934,0.29953595995903015,0.21058955788612366,0.21367691457271576,0.22081050276756287
6,0.2720310389995575,0.23213617503643036,0.1899915337562561,0.19394290447235107,0.24665214121341705,0.21579928696155548,0.23558595776557922,0.17766250669956207,0.33422625064849854,0.2969687283039093,0.29553863406181335,0.31016361713409424,0.20947150886058807,0.21772076189517975,0.22347575426101685
7,0.2982991337776184,0.22993378341197968,0.16454105079174042,0.15675121545791626,0.27308258414268494,0.189352884888649,0.2159843146800995,0.12738129496574402,0.48126599192619324,0.25163763761520386,0.2223343402147293,0.23827876150608063,0.18866173923015594,0.2096399962902069,0.19547589123249054
8,0.23202712833881378,0.19863522052764893,0.17520305514335632,0.16164624691009521,0.2400033175945282,0.17590193450450897,0.19375738501548767,0.158028244972229,0.35117149353027344,0.23640234768390656,0.27737343311309814,0.3477313220500946,0.18971319496631622,0.20596963167190552,0.20616896450519562
9,0.24969902634620667,0.2311285138130188,0.19788172841072083,0.19650256633758545,0.25511178374290466,0.192722350358963,0.20762351155281067,0.18116600811481476,0.36610108613967896,0.2753334641456604,0.33163759112358093,0.3308563828468323,0.21837572753429413,0.21774348616600037,0.22311370074748993
10,0.2933378219604492,0.23403020203113556,0.21859022974967957,0.18236756324768066,0.21673770248889923,0.16565069556236267,0.17736096680164337,0.1686924695968628,0.3004969656467438,0.19939199090003967,0.19151531159877777,0.20789813995361328,0.18235474824905396,0.17881189286708832,0.2038549780845642
11,0.2746962308883667,0.22588923573493958,0.20263513922691345,0.1811448484659195,0.2591685652732849,0.2053207904100418,0.22940486669540405,0.18115553259849548,0.4107952117919922,0.2226862907409668,0.18486911058425903,0.2055995911359787,0.16939771175384521,0.16347870230674744,0.19575098156929016
12,0.2996225357055664,0.22106407582759857,0.19704630970954895,0.17268961668014526,0.21451430022716522,0.1849902868270874,0.20855796337127686,0.15724240243434906,0.4413212537765503,0.2289537489414215,0.1967392861843109,0.24078615009784698,0.1726933866739273,0.15031135082244873,0.19849716126918793
13,0.2590634822845459,0.21185415983200073,0.17509245872497559,0.1555139273405075,0.25848740339279175,0.18864071369171143,0.2204970419406891,0.14585527777671814,0.6057711839675903,0.25117719173431396,0.23399263620376587,0.24462713301181793,0.18753917515277863,0.1760217696428299,0.1832181066274643
14,0.18590107560157776,0.18073196709156036,0.16347448527812958,0.15456241369247437,0.2765474319458008,0.1735260933637619,0.1912705898284912,0.14935964345932007,0.3956906199455261,0.25989726185798645,0.2902045249938965,0.25587522983551025,0.19868037104606628,0.19278696179389954,0.19564664363861084
sum,4.128850936889648,3.5240814685821533,2.905643939971924,2.908043622970581,3.873220443725586,3.030527353286743,3.3159844875335693,2.605006217956543,6.391855239868164,4.083662509918213,3.978876829147339,4.512163162231445,2.9548895359039307,3.019209861755371,3.1522107124328613
posi,1.0,2.0,3.0,4.0,5.0,6.0,7.0,8.0,9.0,10.0,11.0,12.0,13.0,14.0,15.0
contrib,0.07592000872514376,0.06479969849539406,0.05342806428391179,0.05347218889799458,0.07121955584658853,0.055724381097816716,0.060973276844825564,0.047900032677203025,0.11753141806233647,0.07508909818311016,0.07316233213609277,0.08296823302222288,0.05433357676909957,0.05551627863324681,0.05796185632501332
